instance_name = "pci_054_n0202_orig";
instance_group = "orig";
min_allowed_pci = 8;
max_allowed_pci = 502;
module_k = 4;
num_nodes = 202;
num_top_neighbors = 142;
top_neighbors = [
[2, 152],
[4, 163],
[11, 162],
[12, 165],
[21, 162],
[23, 163],
[26, 161],
[31, 149],
[32, 132],
[42, 160],
[51, 52],
[51, 91],
[52, 74],
[53, 70],
[53, 95],
[54, 56],
[54, 106],
[55, 66],
[56, 84],
[57, 107],
[57, 194],
[58, 116],
[58, 191],
[59, 89],
[59, 193],
[60, 63],
[60, 105],
[61, 62],
[61, 100],
[63, 67],
[64, 85],
[64, 108],
[65, 75],
[65, 86],
[66, 113],
[67, 124],
[68, 124],
[69, 83],
[70, 136],
[71, 92],
[71, 111],
[72, 196],
[73, 91],
[73, 102],
[74, 82],
[75, 76],
[76, 111],
[77, 92],
[77, 136],
[78, 103],
[78, 135],
[79, 104],
[79, 138],
[80, 100],
[81, 90],
[81, 197],
[82, 110],
[83, 197],
[84, 108],
[85, 86],
[87, 88],
[87, 99],
[88, 138],
[89, 97],
[90, 196],
[93, 94],
[93, 95],
[94, 128],
[96, 123],
[96, 157],
[97, 118],
[98, 119],
[98, 194],
[99, 121],
[102, 128],
[103, 139],
[104, 139],
[105, 126],
[106, 107],
[109, 110],
[109, 127],
[113, 114],
[114, 156],
[115, 125],
[115, 192],
[116, 117],
[118, 191],
[119, 125],
[121, 122],
[122, 190],
[123, 190],
[126, 127],
[129, 130],
[129, 188],
[130, 131],
[132, 133],
[133, 159],
[134, 155],
[134, 158],
[135, 157],
[137, 192],
[137, 193],
[140, 141],
[140, 142],
[141, 142],
[143, 144],
[143, 182],
[144, 180],
[146, 147],
[146, 148],
[147, 148],
[149, 153],
[150, 151],
[150, 154],
[151, 154],
[152, 153],
[155, 168],
[156, 167],
[158, 169],
[159, 170],
[160, 161],
[164, 165],
[164, 166],
[167, 168],
[169, 171],
[170, 171],
[172, 174],
[172, 175],
[173, 175],
[173, 177],
[176, 177],
[178, 179],
[178, 180],
[179, 200],
[181, 199],
[182, 183],
[183, 187],
[184, 185],
[184, 186],
[185, 188],
[186, 189],
[187, 189],
];
num_regular_neighbors = 769;
regular_neighbors = [
[0, 132],
[1, 132],
[1, 149],
[2, 149],
[2, 153],
[3, 162],
[4, 160],
[5, 132],
[6, 132],
[7, 132],
[7, 133],
[7, 152],
[7, 153],
[8, 132],
[8, 134],
[9, 161],
[9, 165],
[10, 162],
[11, 161],
[13, 132],
[14, 162],
[15, 149],
[16, 149],
[16, 160],
[16, 162],
[17, 160],
[17, 161],
[17, 162],
[17, 163],
[18, 96],
[18, 132],
[19, 160],
[20, 132],
[20, 149],
[21, 132],
[21, 133],
[21, 149],
[22, 132],
[22, 134],
[22, 155],
[23, 162],
[24, 162],
[25, 162],
[26, 165],
[27, 153],
[28, 132],
[29, 132],
[30, 132],
[31, 132],
[31, 152],
[33, 132],
[33, 134],
[33, 152],
[33, 153],
[34, 132],
[35, 132],
[36, 132],
[37, 132],
[38, 132],
[39, 132],
[39, 161],
[40, 132],
[41, 160],
[42, 155],
[43, 132],
[44, 133],
[44, 149],
[44, 162],
[44, 165],
[45, 132],
[45, 162],
[46, 149],
[46, 165],
[47, 132],
[48, 132],
[48, 162],
[49, 132],
[50, 132],
[50, 134],
[51, 53],
[51, 70],
[51, 74],
[51, 75],
[51, 82],
[51, 83],
[51, 90],
[51, 92],
[51, 93],
[51, 94],
[51, 109],
[51, 111],
[51, 128],
[51, 135],
[51, 136],
[52, 53],
[52, 62],
[52, 72],
[52, 73],
[52, 76],
[52, 81],
[52, 82],
[52, 91],
[52, 93],
[52, 94],
[52, 102],
[52, 109],
[52, 110],
[52, 111],
[52, 127],
[52, 128],
[52, 136],
[52, 196],
[52, 197],
[53, 76],
[53, 91],
[53, 93],
[53, 94],
[53, 111],
[54, 55],
[54, 84],
[54, 89],
[54, 96],
[54, 112],
[54, 113],
[54, 114],
[54, 156],
[55, 56],
[55, 84],
[55, 87],
[55, 89],
[55, 96],
[55, 106],
[55, 113],
[56, 78],
[56, 86],
[56, 87],
[56, 89],
[56, 96],
[56, 106],
[56, 108],
[56, 113],
[56, 114],
[56, 164],
[56, 167],
[57, 58],
[57, 59],
[57, 84],
[57, 85],
[57, 89],
[57, 96],
[57, 98],
[57, 99],
[57, 108],
[57, 115],
[57, 118],
[57, 119],
[57, 120],
[57, 190],
[57, 191],
[57, 192],
[57, 195],
[58, 59],
[58, 79],
[58, 103],
[58, 105],
[58, 115],
[58, 117],
[58, 118],
[58, 119],
[58, 125],
[58, 137],
[58, 139],
[58, 192],
[58, 193],
[58, 194],
[58, 195],
[59, 78],
[59, 80],
[59, 84],
[59, 85],
[59, 96],
[59, 103],
[59, 104],
[59, 108],
[59, 115],
[59, 116],
[59, 117],
[59, 118],
[59, 119],
[59, 125],
[59, 137],
[59, 138],
[59, 139],
[59, 190],
[59, 191],
[59, 194],
[59, 195],
[60, 61],
[60, 62],
[60, 64],
[60, 65],
[60, 78],
[60, 79],
[60, 80],
[60, 100],
[60, 102],
[60, 126],
[60, 127],
[60, 135],
[60, 196],
[61, 101],
[61, 102],
[61, 127],
[61, 143],
[61, 145],
[62, 73],
[62, 76],
[62, 91],
[62, 102],
[62, 105],
[62, 110],
[62, 127],
[62, 128],
[62, 196],
[63, 64],
[63, 65],
[63, 78],
[63, 79],
[63, 87],
[63, 88],
[63, 100],
[63, 104],
[63, 105],
[63, 124],
[63, 138],
[64, 65],
[64, 79],
[64, 88],
[64, 105],
[64, 109],
[65, 71],
[65, 79],
[65, 80],
[65, 100],
[65, 105],
[65, 126],
[65, 127],
[65, 155],
[66, 67],
[66, 68],
[66, 87],
[66, 167],
[67, 68],
[67, 88],
[68, 87],
[68, 88],
[68, 137],
[68, 138],
[69, 70],
[69, 71],
[69, 75],
[69, 78],
[69, 90],
[69, 92],
[69, 126],
[69, 135],
[69, 136],
[70, 71],
[70, 83],
[70, 90],
[70, 92],
[70, 93],
[70, 135],
[71, 75],
[71, 93],
[71, 95],
[71, 136],
[72, 73],
[72, 74],
[72, 81],
[72, 82],
[72, 91],
[72, 109],
[72, 128],
[72, 197],
[73, 74],
[73, 76],
[73, 94],
[73, 109],
[73, 110],
[73, 128],
[73, 197],
[74, 76],
[74, 91],
[74, 94],
[74, 109],
[74, 110],
[74, 111],
[74, 128],
[75, 77],
[75, 92],
[75, 93],
[75, 95],
[75, 111],
[75, 136],
[75, 157],
[76, 77],
[76, 91],
[76, 94],
[76, 95],
[76, 101],
[76, 102],
[76, 105],
[76, 109],
[76, 110],
[76, 127],
[76, 128],
[76, 136],
[76, 140],
[77, 95],
[77, 102],
[77, 111],
[78, 79],
[78, 80],
[78, 84],
[78, 85],
[78, 86],
[78, 89],
[78, 96],
[78, 100],
[78, 105],
[78, 112],
[78, 117],
[78, 125],
[78, 126],
[78, 138],
[78, 139],
[79, 80],
[79, 85],
[79, 86],
[79, 88],
[79, 100],
[79, 103],
[79, 105],
[79, 109],
[79, 135],
[80, 86],
[80, 103],
[80, 105],
[80, 126],
[80, 136],
[80, 157],
[81, 82],
[81, 83],
[81, 91],
[81, 102],
[81, 109],
[81, 126],
[81, 127],
[81, 128],
[81, 135],
[81, 136],
[81, 196],
[82, 83],
[82, 90],
[82, 91],
[82, 93],
[82, 94],
[82, 109],
[82, 128],
[82, 136],
[82, 196],
[82, 197],
[83, 90],
[83, 91],
[83, 135],
[83, 136],
[83, 196],
[84, 85],
[84, 86],
[84, 87],
[84, 89],
[84, 96],
[84, 103],
[84, 106],
[84, 112],
[84, 113],
[84, 114],
[84, 115],
[84, 156],
[85, 89],
[85, 96],
[85, 100],
[85, 103],
[85, 104],
[85, 108],
[85, 113],
[85, 115],
[85, 118],
[85, 124],
[85, 125],
[85, 137],
[85, 191],
[85, 195],
[86, 89],
[86, 103],
[86, 105],
[86, 108],
[86, 126],
[87, 89],
[87, 96],
[87, 104],
[87, 113],
[87, 124],
[88, 89],
[88, 96],
[88, 97],
[88, 98],
[88, 99],
[88, 104],
[88, 105],
[88, 113],
[88, 120],
[88, 122],
[88, 123],
[88, 124],
[88, 125],
[88, 137],
[88, 190],
[88, 192],
[88, 193],
[88, 194],
[89, 96],
[89, 98],
[89, 103],
[89, 106],
[89, 107],
[89, 108],
[89, 112],
[89, 114],
[89, 115],
[89, 118],
[89, 120],
[89, 123],
[89, 156],
[89, 157],
[89, 191],
[89, 194],
[89, 195],
[90, 91],
[90, 92],
[90, 126],
[90, 135],
[90, 136],
[90, 197],
[91, 92],
[91, 93],
[91, 94],
[91, 95],
[91, 102],
[91, 109],
[91, 110],
[91, 111],
[91, 127],
[91, 128],
[91, 136],
[91, 196],
[92, 93],
[92, 95],
[92, 111],
[92, 135],
[92, 136],
[93, 136],
[94, 95],
[94, 109],
[94, 110],
[94, 111],
[94, 136],
[95, 110],
[95, 111],
[95, 136],
[96, 97],
[96, 98],
[96, 112],
[96, 113],
[96, 114],
[96, 115],
[96, 118],
[96, 155],
[96, 156],
[96, 165],
[96, 190],
[96, 191],
[96, 195],
[97, 98],
[97, 99],
[97, 121],
[97, 122],
[97, 123],
[97, 190],
[97, 191],
[97, 194],
[98, 99],
[98, 115],
[98, 116],
[98, 117],
[98, 118],
[98, 120],
[98, 122],
[98, 123],
[98, 125],
[98, 190],
[98, 191],
[98, 192],
[98, 193],
[98, 195],
[99, 115],
[99, 116],
[99, 118],
[99, 120],
[99, 122],
[99, 123],
[99, 124],
[99, 125],
[99, 190],
[99, 192],
[99, 193],
[99, 194],
[99, 195],
[100, 101],
[100, 102],
[100, 104],
[100, 105],
[100, 127],
[100, 196],
[101, 102],
[101, 143],
[102, 105],
[102, 110],
[102, 127],
[102, 135],
[102, 145],
[103, 104],
[103, 105],
[103, 115],
[103, 117],
[103, 125],
[103, 137],
[103, 138],
[104, 105],
[104, 116],
[104, 117],
[104, 124],
[104, 125],
[104, 137],
[104, 138],
[104, 190],
[104, 192],
[104, 193],
[105, 127],
[105, 128],
[105, 138],
[106, 108],
[106, 113],
[106, 114],
[107, 108],
[107, 115],
[108, 115],
[108, 118],
[108, 125],
[108, 139],
[108, 195],
[109, 111],
[109, 128],
[109, 196],
[109, 197],
[110, 111],
[110, 128],
[110, 140],
[110, 142],
[111, 136],
[112, 113],
[112, 114],
[112, 156],
[112, 164],
[114, 157],
[115, 116],
[115, 117],
[115, 118],
[115, 119],
[115, 190],
[115, 191],
[115, 193],
[115, 194],
[115, 195],
[116, 123],
[116, 125],
[116, 137],
[116, 138],
[116, 139],
[116, 190],
[116, 192],
[116, 193],
[117, 125],
[117, 137],
[117, 138],
[117, 139],
[117, 190],
[117, 192],
[117, 193],
[117, 194],
[118, 119],
[118, 190],
[118, 194],
[118, 195],
[119, 190],
[119, 191],
[119, 194],
[119, 195],
[120, 121],
[120, 122],
[120, 123],
[121, 192],
[122, 123],
[122, 194],
[123, 124],
[123, 125],
[123, 137],
[123, 192],
[123, 194],
[124, 125],
[124, 137],
[124, 138],
[124, 192],
[125, 137],
[125, 138],
[125, 139],
[125, 190],
[125, 192],
[125, 193],
[125, 194],
[126, 128],
[126, 135],
[126, 157],
[127, 128],
[127, 196],
[128, 135],
[128, 136],
[128, 196],
[128, 197],
[129, 131],
[129, 178],
[129, 182],
[130, 179],
[132, 134],
[132, 149],
[132, 152],
[132, 201],
[133, 134],
[133, 155],
[133, 157],
[133, 158],
[133, 161],
[133, 162],
[133, 163],
[133, 164],
[133, 165],
[134, 149],
[134, 152],
[134, 153],
[134, 162],
[134, 171],
[135, 136],
[135, 196],
[135, 197],
[136, 196],
[136, 197],
[137, 138],
[137, 139],
[138, 139],
[138, 190],
[138, 192],
[138, 193],
[139, 190],
[139, 193],
[141, 143],
[141, 144],
[143, 145],
[143, 186],
[144, 145],
[144, 172],
[144, 174],
[144, 182],
[144, 186],
[144, 200],
[145, 186],
[147, 157],
[149, 150],
[149, 151],
[149, 152],
[149, 154],
[149, 161],
[149, 162],
[150, 153],
[152, 154],
[153, 154],
[153, 159],
[153, 170],
[153, 171],
[155, 156],
[155, 157],
[155, 159],
[155, 161],
[155, 162],
[155, 164],
[155, 165],
[155, 169],
[156, 157],
[156, 161],
[156, 164],
[156, 168],
[157, 159],
[157, 161],
[157, 164],
[158, 159],
[158, 160],
[158, 170],
[158, 171],
[159, 169],
[159, 171],
[160, 162],
[160, 163],
[161, 162],
[161, 163],
[161, 164],
[161, 165],
[161, 168],
[162, 165],
[162, 168],
[163, 164],
[163, 165],
[163, 166],
[164, 168],
[165, 168],
[166, 167],
[166, 168],
[169, 170],
[172, 173],
[172, 177],
[173, 174],
[173, 176],
[175, 176],
[175, 177],
[179, 180],
[179, 198],
[181, 182],
[181, 183],
[181, 185],
[182, 185],
[182, 188],
[183, 184],
[183, 185],
[183, 188],
[184, 187],
[185, 186],
[186, 187],
[186, 188],
[187, 188],
[188, 189],
];
num_second_level_neighbors = 3067;
second_level_neighbors = [
[0, 1],
[0, 5],
[0, 6],
[0, 7],
[0, 8],
[0, 13],
[0, 18],
[0, 20],
[0, 21],
[0, 22],
[0, 28],
[0, 29],
[0, 30],
[0, 31],
[0, 32],
[0, 33],
[0, 34],
[0, 35],
[0, 36],
[0, 37],
[0, 38],
[0, 39],
[0, 40],
[0, 43],
[0, 45],
[0, 47],
[0, 48],
[0, 49],
[0, 50],
[0, 133],
[0, 134],
[0, 149],
[0, 152],
[0, 201],
[1, 2],
[1, 5],
[1, 6],
[1, 7],
[1, 8],
[1, 13],
[1, 15],
[1, 16],
[1, 18],
[1, 20],
[1, 21],
[1, 22],
[1, 28],
[1, 29],
[1, 30],
[1, 31],
[1, 32],
[1, 33],
[1, 34],
[1, 35],
[1, 36],
[1, 37],
[1, 38],
[1, 39],
[1, 40],
[1, 43],
[1, 44],
[1, 45],
[1, 46],
[1, 47],
[1, 48],
[1, 49],
[1, 50],
[1, 133],
[1, 134],
[1, 150],
[1, 151],
[1, 152],
[1, 153],
[1, 154],
[1, 161],
[1, 162],
[1, 201],
[2, 7],
[2, 15],
[2, 16],
[2, 20],
[2, 21],
[2, 27],
[2, 31],
[2, 33],
[2, 44],
[2, 46],
[2, 132],
[2, 134],
[2, 150],
[2, 151],
[2, 154],
[2, 159],
[2, 161],
[2, 162],
[2, 170],
[2, 171],
[3, 10],
[3, 11],
[3, 14],
[3, 16],
[3, 17],
[3, 21],
[3, 23],
[3, 24],
[3, 25],
[3, 44],
[3, 45],
[3, 48],
[3, 133],
[3, 134],
[3, 149],
[3, 155],
[3, 160],
[3, 161],
[3, 165],
[3, 168],
[4, 16],
[4, 17],
[4, 19],
[4, 23],
[4, 41],
[4, 42],
[4, 133],
[4, 158],
[4, 161],
[4, 162],
[4, 164],
[4, 165],
[4, 166],
[5, 6],
[5, 7],
[5, 8],
[5, 13],
[5, 18],
[5, 20],
[5, 21],
[5, 22],
[5, 28],
[5, 29],
[5, 30],
[5, 31],
[5, 32],
[5, 33],
[5, 34],
[5, 35],
[5, 36],
[5, 37],
[5, 38],
[5, 39],
[5, 40],
[5, 43],
[5, 45],
[5, 47],
[5, 48],
[5, 49],
[5, 50],
[5, 133],
[5, 134],
[5, 149],
[5, 152],
[5, 201],
[6, 7],
[6, 8],
[6, 13],
[6, 18],
[6, 20],
[6, 21],
[6, 22],
[6, 28],
[6, 29],
[6, 30],
[6, 31],
[6, 32],
[6, 33],
[6, 34],
[6, 35],
[6, 36],
[6, 37],
[6, 38],
[6, 39],
[6, 40],
[6, 43],
[6, 45],
[6, 47],
[6, 48],
[6, 49],
[6, 50],
[6, 133],
[6, 134],
[6, 149],
[6, 152],
[6, 201],
[7, 8],
[7, 13],
[7, 18],
[7, 20],
[7, 21],
[7, 22],
[7, 27],
[7, 28],
[7, 29],
[7, 30],
[7, 31],
[7, 32],
[7, 33],
[7, 34],
[7, 35],
[7, 36],
[7, 37],
[7, 38],
[7, 39],
[7, 40],
[7, 43],
[7, 44],
[7, 45],
[7, 47],
[7, 48],
[7, 49],
[7, 50],
[7, 134],
[7, 149],
[7, 150],
[7, 154],
[7, 155],
[7, 157],
[7, 158],
[7, 159],
[7, 161],
[7, 162],
[7, 163],
[7, 164],
[7, 165],
[7, 170],
[7, 171],
[7, 201],
[8, 13],
[8, 18],
[8, 20],
[8, 21],
[8, 22],
[8, 28],
[8, 29],
[8, 30],
[8, 31],
[8, 32],
[8, 33],
[8, 34],
[8, 35],
[8, 36],
[8, 37],
[8, 38],
[8, 39],
[8, 40],
[8, 43],
[8, 45],
[8, 47],
[8, 48],
[8, 49],
[8, 50],
[8, 133],
[8, 149],
[8, 152],
[8, 153],
[8, 155],
[8, 158],
[8, 162],
[8, 171],
[8, 201],
[9, 11],
[9, 12],
[9, 17],
[9, 26],
[9, 39],
[9, 44],
[9, 46],
[9, 96],
[9, 133],
[9, 149],
[9, 155],
[9, 156],
[9, 157],
[9, 160],
[9, 162],
[9, 163],
[9, 164],
[9, 168],
[10, 11],
[10, 14],
[10, 16],
[10, 17],
[10, 21],
[10, 23],
[10, 24],
[10, 25],
[10, 44],
[10, 45],
[10, 48],
[10, 133],
[10, 134],
[10, 149],
[10, 155],
[10, 160],
[10, 161],
[10, 165],
[10, 168],
[11, 14],
[11, 16],
[11, 17],
[11, 21],
[11, 23],
[11, 24],
[11, 25],
[11, 26],
[11, 39],
[11, 44],
[11, 45],
[11, 48],
[11, 133],
[11, 134],
[11, 149],
[11, 155],
[11, 156],
[11, 157],
[11, 160],
[11, 163],
[11, 164],
[11, 165],
[11, 168],
[12, 26],
[12, 44],
[12, 46],
[12, 96],
[12, 133],
[12, 155],
[12, 161],
[12, 162],
[12, 163],
[12, 164],
[12, 168],
[13, 18],
[13, 20],
[13, 21],
[13, 22],
[13, 28],
[13, 29],
[13, 30],
[13, 31],
[13, 32],
[13, 33],
[13, 34],
[13, 35],
[13, 36],
[13, 37],
[13, 38],
[13, 39],
[13, 40],
[13, 43],
[13, 45],
[13, 47],
[13, 48],
[13, 49],
[13, 50],
[13, 133],
[13, 134],
[13, 149],
[13, 152],
[13, 201],
[14, 16],
[14, 17],
[14, 21],
[14, 23],
[14, 24],
[14, 25],
[14, 44],
[14, 45],
[14, 48],
[14, 133],
[14, 134],
[14, 149],
[14, 155],
[14, 160],
[14, 161],
[14, 165],
[14, 168],
[15, 16],
[15, 20],
[15, 21],
[15, 31],
[15, 44],
[15, 46],
[15, 132],
[15, 134],
[15, 150],
[15, 151],
[15, 152],
[15, 153],
[15, 154],
[15, 161],
[15, 162],
[16, 17],
[16, 19],
[16, 20],
[16, 21],
[16, 23],
[16, 24],
[16, 25],
[16, 31],
[16, 41],
[16, 42],
[16, 44],
[16, 45],
[16, 46],
[16, 48],
[16, 132],
[16, 133],
[16, 134],
[16, 150],
[16, 151],
[16, 152],
[16, 153],
[16, 154],
[16, 155],
[16, 158],
[16, 161],
[16, 163],
[16, 165],
[16, 168],
[17, 19],
[17, 21],
[17, 23],
[17, 24],
[17, 25],
[17, 26],
[17, 39],
[17, 41],
[17, 42],
[17, 44],
[17, 45],
[17, 48],
[17, 133],
[17, 134],
[17, 149],
[17, 155],
[17, 156],
[17, 157],
[17, 158],
[17, 164],
[17, 165],
[17, 166],
[17, 168],
[18, 20],
[18, 21],
[18, 22],
[18, 28],
[18, 29],
[18, 30],
[18, 31],
[18, 32],
[18, 33],
[18, 34],
[18, 35],
[18, 36],
[18, 37],
[18, 38],
[18, 39],
[18, 40],
[18, 43],
[18, 45],
[18, 47],
[18, 48],
[18, 49],
[18, 50],
[18, 54],
[18, 55],
[18, 56],
[18, 57],
[18, 59],
[18, 78],
[18, 84],
[18, 85],
[18, 87],
[18, 88],
[18, 89],
[18, 97],
[18, 98],
[18, 112],
[18, 113],
[18, 114],
[18, 115],
[18, 118],
[18, 123],
[18, 133],
[18, 134],
[18, 149],
[18, 152],
[18, 155],
[18, 156],
[18, 157],
[18, 165],
[18, 190],
[18, 191],
[18, 195],
[18, 201],
[19, 41],
[19, 42],
[19, 158],
[19, 161],
[19, 162],
[19, 163],
[20, 21],
[20, 22],
[20, 28],
[20, 29],
[20, 30],
[20, 31],
[20, 32],
[20, 33],
[20, 34],
[20, 35],
[20, 36],
[20, 37],
[20, 38],
[20, 39],
[20, 40],
[20, 43],
[20, 44],
[20, 45],
[20, 46],
[20, 47],
[20, 48],
[20, 49],
[20, 50],
[20, 133],
[20, 134],
[20, 150],
[20, 151],
[20, 152],
[20, 153],
[20, 154],
[20, 161],
[20, 162],
[20, 201],
[21, 22],
[21, 23],
[21, 24],
[21, 25],
[21, 28],
[21, 29],
[21, 30],
[21, 31],
[21, 32],
[21, 33],
[21, 34],
[21, 35],
[21, 36],
[21, 37],
[21, 38],
[21, 39],
[21, 40],
[21, 43],
[21, 44],
[21, 45],
[21, 46],
[21, 47],
[21, 48],
[21, 49],
[21, 50],
[21, 134],
[21, 150],
[21, 151],
[21, 152],
[21, 153],
[21, 154],
[21, 155],
[21, 157],
[21, 158],
[21, 159],
[21, 160],
[21, 161],
[21, 163],
[21, 164],
[21, 165],
[21, 168],
[21, 201],
[22, 28],
[22, 29],
[22, 30],
[22, 31],
[22, 32],
[22, 33],
[22, 34],
[22, 35],
[22, 36],
[22, 37],
[22, 38],
[22, 39],
[22, 40],
[22, 42],
[22, 43],
[22, 45],
[22, 47],
[22, 48],
[22, 49],
[22, 50],
[22, 65],
[22, 96],
[22, 133],
[22, 149],
[22, 152],
[22, 153],
[22, 156],
[22, 157],
[22, 158],
[22, 159],
[22, 161],
[22, 162],
[22, 164],
[22, 165],
[22, 168],
[22, 169],
[22, 171],
[22, 201],
[23, 24],
[23, 25],
[23, 44],
[23, 45],
[23, 48],
[23, 133],
[23, 134],
[23, 149],
[23, 155],
[23, 160],
[23, 161],
[23, 164],
[23, 165],
[23, 166],
[23, 168],
[24, 25],
[24, 44],
[24, 45],
[24, 48],
[24, 133],
[24, 134],
[24, 149],
[24, 155],
[24, 160],
[24, 161],
[24, 165],
[24, 168],
[25, 44],
[25, 45],
[25, 48],
[25, 133],
[25, 134],
[25, 149],
[25, 155],
[25, 160],
[25, 161],
[25, 165],
[25, 168],
[26, 39],
[26, 44],
[26, 46],
[26, 96],
[26, 133],
[26, 149],
[26, 155],
[26, 156],
[26, 157],
[26, 160],
[26, 162],
[26, 163],
[26, 164],
[26, 168],
[27, 33],
[27, 134],
[27, 149],
[27, 150],
[27, 152],
[27, 154],
[27, 159],
[27, 170],
[27, 171],
[28, 29],
[28, 30],
[28, 31],
[28, 32],
[28, 33],
[28, 34],
[28, 35],
[28, 36],
[28, 37],
[28, 38],
[28, 39],
[28, 40],
[28, 43],
[28, 45],
[28, 47],
[28, 48],
[28, 49],
[28, 50],
[28, 133],
[28, 134],
[28, 149],
[28, 152],
[28, 201],
[29, 30],
[29, 31],
[29, 32],
[29, 33],
[29, 34],
[29, 35],
[29, 36],
[29, 37],
[29, 38],
[29, 39],
[29, 40],
[29, 43],
[29, 45],
[29, 47],
[29, 48],
[29, 49],
[29, 50],
[29, 133],
[29, 134],
[29, 149],
[29, 152],
[29, 201],
[30, 31],
[30, 32],
[30, 33],
[30, 34],
[30, 35],
[30, 36],
[30, 37],
[30, 38],
[30, 39],
[30, 40],
[30, 43],
[30, 45],
[30, 47],
[30, 48],
[30, 49],
[30, 50],
[30, 133],
[30, 134],
[30, 149],
[30, 152],
[30, 201],
[31, 32],
[31, 33],
[31, 34],
[31, 35],
[31, 36],
[31, 37],
[31, 38],
[31, 39],
[31, 40],
[31, 43],
[31, 44],
[31, 45],
[31, 46],
[31, 47],
[31, 48],
[31, 49],
[31, 50],
[31, 133],
[31, 134],
[31, 150],
[31, 151],
[31, 153],
[31, 154],
[31, 161],
[31, 162],
[31, 201],
[32, 33],
[32, 34],
[32, 35],
[32, 36],
[32, 37],
[32, 38],
[32, 39],
[32, 40],
[32, 43],
[32, 45],
[32, 47],
[32, 48],
[32, 49],
[32, 50],
[32, 133],
[32, 134],
[32, 149],
[32, 152],
[32, 201],
[33, 34],
[33, 35],
[33, 36],
[33, 37],
[33, 38],
[33, 39],
[33, 40],
[33, 43],
[33, 45],
[33, 47],
[33, 48],
[33, 49],
[33, 50],
[33, 133],
[33, 149],
[33, 150],
[33, 154],
[33, 155],
[33, 158],
[33, 159],
[33, 162],
[33, 170],
[33, 171],
[33, 201],
[34, 35],
[34, 36],
[34, 37],
[34, 38],
[34, 39],
[34, 40],
[34, 43],
[34, 45],
[34, 47],
[34, 48],
[34, 49],
[34, 50],
[34, 133],
[34, 134],
[34, 149],
[34, 152],
[34, 201],
[35, 36],
[35, 37],
[35, 38],
[35, 39],
[35, 40],
[35, 43],
[35, 45],
[35, 47],
[35, 48],
[35, 49],
[35, 50],
[35, 133],
[35, 134],
[35, 149],
[35, 152],
[35, 201],
[36, 37],
[36, 38],
[36, 39],
[36, 40],
[36, 43],
[36, 45],
[36, 47],
[36, 48],
[36, 49],
[36, 50],
[36, 133],
[36, 134],
[36, 149],
[36, 152],
[36, 201],
[37, 38],
[37, 39],
[37, 40],
[37, 43],
[37, 45],
[37, 47],
[37, 48],
[37, 49],
[37, 50],
[37, 133],
[37, 134],
[37, 149],
[37, 152],
[37, 201],
[38, 39],
[38, 40],
[38, 43],
[38, 45],
[38, 47],
[38, 48],
[38, 49],
[38, 50],
[38, 133],
[38, 134],
[38, 149],
[38, 152],
[38, 201],
[39, 40],
[39, 43],
[39, 45],
[39, 47],
[39, 48],
[39, 49],
[39, 50],
[39, 133],
[39, 134],
[39, 149],
[39, 152],
[39, 155],
[39, 156],
[39, 157],
[39, 160],
[39, 162],
[39, 163],
[39, 164],
[39, 165],
[39, 168],
[39, 201],
[40, 43],
[40, 45],
[40, 47],
[40, 48],
[40, 49],
[40, 50],
[40, 133],
[40, 134],
[40, 149],
[40, 152],
[40, 201],
[41, 42],
[41, 158],
[41, 161],
[41, 162],
[41, 163],
[42, 65],
[42, 96],
[42, 133],
[42, 134],
[42, 156],
[42, 157],
[42, 158],
[42, 159],
[42, 161],
[42, 162],
[42, 163],
[42, 164],
[42, 165],
[42, 168],
[42, 169],
[43, 45],
[43, 47],
[43, 48],
[43, 49],
[43, 50],
[43, 133],
[43, 134],
[43, 149],
[43, 152],
[43, 201],
[44, 45],
[44, 46],
[44, 48],
[44, 96],
[44, 132],
[44, 134],
[44, 150],
[44, 151],
[44, 152],
[44, 153],
[44, 154],
[44, 155],
[44, 157],
[44, 158],
[44, 159],
[44, 160],
[44, 161],
[44, 163],
[44, 164],
[44, 168],
[45, 47],
[45, 48],
[45, 49],
[45, 50],
[45, 133],
[45, 134],
[45, 149],
[45, 152],
[45, 155],
[45, 160],
[45, 161],
[45, 165],
[45, 168],
[45, 201],
[46, 96],
[46, 132],
[46, 133],
[46, 134],
[46, 150],
[46, 151],
[46, 152],
[46, 153],
[46, 154],
[46, 155],
[46, 161],
[46, 162],
[46, 163],
[46, 164],
[46, 168],
[47, 48],
[47, 49],
[47, 50],
[47, 133],
[47, 134],
[47, 149],
[47, 152],
[47, 201],
[48, 49],
[48, 50],
[48, 133],
[48, 134],
[48, 149],
[48, 152],
[48, 155],
[48, 160],
[48, 161],
[48, 165],
[48, 168],
[48, 201],
[49, 50],
[49, 133],
[49, 134],
[49, 149],
[49, 152],
[49, 201],
[50, 133],
[50, 149],
[50, 152],
[50, 153],
[50, 155],
[50, 158],
[50, 162],
[50, 171],
[50, 201],
[51, 60],
[51, 62],
[51, 64],
[51, 65],
[51, 69],
[51, 71],
[51, 72],
[51, 73],
[51, 76],
[51, 77],
[51, 78],
[51, 79],
[51, 80],
[51, 81],
[51, 95],
[51, 102],
[51, 105],
[51, 110],
[51, 126],
[51, 127],
[51, 157],
[51, 196],
[51, 197],
[52, 60],
[52, 61],
[52, 64],
[52, 65],
[52, 69],
[52, 70],
[52, 71],
[52, 75],
[52, 77],
[52, 79],
[52, 80],
[52, 83],
[52, 90],
[52, 92],
[52, 95],
[52, 100],
[52, 101],
[52, 105],
[52, 126],
[52, 135],
[52, 140],
[52, 142],
[52, 145],
[53, 62],
[53, 69],
[53, 71],
[53, 72],
[53, 73],
[53, 74],
[53, 75],
[53, 77],
[53, 81],
[53, 82],
[53, 83],
[53, 90],
[53, 92],
[53, 101],
[53, 102],
[53, 105],
[53, 109],
[53, 110],
[53, 127],
[53, 128],
[53, 135],
[53, 136],
[53, 140],
[53, 196],
[53, 197],
[54, 57],
[54, 59],
[54, 66],
[54, 78],
[54, 85],
[54, 86],
[54, 87],
[54, 88],
[54, 97],
[54, 98],
[54, 103],
[54, 107],
[54, 108],
[54, 115],
[54, 118],
[54, 120],
[54, 123],
[54, 155],
[54, 157],
[54, 161],
[54, 164],
[54, 165],
[54, 167],
[54, 168],
[54, 190],
[54, 191],
[54, 194],
[54, 195],
[55, 57],
[55, 59],
[55, 63],
[55, 67],
[55, 68],
[55, 78],
[55, 85],
[55, 86],
[55, 88],
[55, 97],
[55, 98],
[55, 99],
[55, 103],
[55, 104],
[55, 107],
[55, 108],
[55, 112],
[55, 114],
[55, 115],
[55, 118],
[55, 120],
[55, 123],
[55, 124],
[55, 155],
[55, 156],
[55, 157],
[55, 164],
[55, 165],
[55, 167],
[55, 190],
[55, 191],
[55, 194],
[55, 195],
[56, 57],
[56, 59],
[56, 60],
[56, 63],
[56, 64],
[56, 65],
[56, 66],
[56, 68],
[56, 69],
[56, 79],
[56, 80],
[56, 85],
[56, 88],
[56, 97],
[56, 98],
[56, 99],
[56, 100],
[56, 103],
[56, 104],
[56, 105],
[56, 107],
[56, 112],
[56, 115],
[56, 117],
[56, 118],
[56, 120],
[56, 123],
[56, 124],
[56, 125],
[56, 126],
[56, 133],
[56, 135],
[56, 138],
[56, 139],
[56, 155],
[56, 156],
[56, 157],
[56, 161],
[56, 163],
[56, 165],
[56, 166],
[56, 168],
[56, 190],
[56, 191],
[56, 194],
[56, 195],
[57, 64],
[57, 78],
[57, 79],
[57, 80],
[57, 86],
[57, 87],
[57, 88],
[57, 97],
[57, 100],
[57, 103],
[57, 104],
[57, 105],
[57, 106],
[57, 112],
[57, 113],
[57, 114],
[57, 116],
[57, 117],
[57, 121],
[57, 122],
[57, 123],
[57, 124],
[57, 125],
[57, 137],
[57, 138],
[57, 139],
[57, 155],
[57, 156],
[57, 157],
[57, 165],
[57, 193],
[58, 60],
[58, 62],
[58, 63],
[58, 64],
[58, 65],
[58, 68],
[58, 76],
[58, 78],
[58, 80],
[58, 84],
[58, 85],
[58, 86],
[58, 88],
[58, 89],
[58, 96],
[58, 97],
[58, 98],
[58, 99],
[58, 100],
[58, 102],
[58, 104],
[58, 107],
[58, 108],
[58, 109],
[58, 120],
[58, 121],
[58, 122],
[58, 123],
[58, 124],
[58, 126],
[58, 127],
[58, 128],
[58, 135],
[58, 138],
[58, 190],
[59, 60],
[59, 63],
[59, 64],
[59, 65],
[59, 68],
[59, 69],
[59, 79],
[59, 86],
[59, 87],
[59, 88],
[59, 97],
[59, 98],
[59, 99],
[59, 100],
[59, 105],
[59, 106],
[59, 107],
[59, 112],
[59, 113],
[59, 114],
[59, 120],
[59, 122],
[59, 123],
[59, 124],
[59, 126],
[59, 135],
[59, 136],
[59, 155],
[59, 156],
[59, 157],
[59, 165],
[59, 192],
[60, 67],
[60, 69],
[60, 70],
[60, 71],
[60, 72],
[60, 73],
[60, 75],
[60, 76],
[60, 77],
[60, 81],
[60, 82],
[60, 83],
[60, 84],
[60, 85],
[60, 86],
[60, 87],
[60, 88],
[60, 89],
[60, 90],
[60, 91],
[60, 92],
[60, 96],
[60, 101],
[60, 103],
[60, 104],
[60, 108],
[60, 109],
[60, 110],
[60, 112],
[60, 117],
[60, 124],
[60, 125],
[60, 128],
[60, 136],
[60, 138],
[60, 139],
[60, 143],
[60, 145],
[60, 155],
[60, 157],
[60, 197],
[61, 63],
[61, 64],
[61, 65],
[61, 73],
[61, 76],
[61, 77],
[61, 78],
[61, 79],
[61, 80],
[61, 81],
[61, 85],
[61, 91],
[61, 104],
[61, 105],
[61, 109],
[61, 110],
[61, 126],
[61, 128],
[61, 135],
[61, 141],
[61, 144],
[61, 182],
[61, 186],
[61, 196],
[62, 63],
[62, 64],
[62, 65],
[62, 72],
[62, 74],
[62, 75],
[62, 77],
[62, 78],
[62, 79],
[62, 80],
[62, 81],
[62, 82],
[62, 83],
[62, 86],
[62, 88],
[62, 90],
[62, 92],
[62, 93],
[62, 94],
[62, 95],
[62, 100],
[62, 101],
[62, 103],
[62, 104],
[62, 109],
[62, 111],
[62, 126],
[62, 135],
[62, 136],
[62, 138],
[62, 140],
[62, 142],
[62, 143],
[62, 145],
[62, 197],
[63, 66],
[63, 68],
[63, 69],
[63, 71],
[63, 75],
[63, 76],
[63, 80],
[63, 84],
[63, 85],
[63, 86],
[63, 89],
[63, 96],
[63, 97],
[63, 98],
[63, 99],
[63, 101],
[63, 102],
[63, 103],
[63, 108],
[63, 109],
[63, 112],
[63, 113],
[63, 116],
[63, 117],
[63, 120],
[63, 122],
[63, 123],
[63, 125],
[63, 126],
[63, 127],
[63, 128],
[63, 135],
[63, 137],
[63, 139],
[63, 155],
[63, 190],
[63, 192],
[63, 193],
[63, 194],
[63, 196],
[64, 67],
[64, 68],
[64, 71],
[64, 72],
[64, 73],
[64, 74],
[64, 75],
[64, 76],
[64, 78],
[64, 80],
[64, 81],
[64, 82],
[64, 84],
[64, 86],
[64, 87],
[64, 89],
[64, 91],
[64, 94],
[64, 96],
[64, 97],
[64, 98],
[64, 99],
[64, 100],
[64, 102],
[64, 103],
[64, 104],
[64, 106],
[64, 107],
[64, 110],
[64, 111],
[64, 113],
[64, 115],
[64, 118],
[64, 120],
[64, 122],
[64, 123],
[64, 124],
[64, 125],
[64, 126],
[64, 127],
[64, 128],
[64, 135],
[64, 137],
[64, 138],
[64, 139],
[64, 155],
[64, 190],
[64, 191],
[64, 192],
[64, 193],
[64, 194],
[64, 195],
[64, 196],
[64, 197],
[65, 67],
[65, 69],
[65, 70],
[65, 76],
[65, 77],
[65, 78],
[65, 81],
[65, 84],
[65, 85],
[65, 87],
[65, 88],
[65, 89],
[65, 90],
[65, 91],
[65, 92],
[65, 93],
[65, 95],
[65, 96],
[65, 101],
[65, 102],
[65, 103],
[65, 104],
[65, 108],
[65, 109],
[65, 111],
[65, 124],
[65, 128],
[65, 133],
[65, 134],
[65, 135],
[65, 136],
[65, 138],
[65, 156],
[65, 157],
[65, 159],
[65, 161],
[65, 162],
[65, 164],
[65, 165],
[65, 168],
[65, 169],
[65, 196],
[66, 84],
[66, 85],
[66, 88],
[66, 89],
[66, 96],
[66, 99],
[66, 104],
[66, 106],
[66, 112],
[66, 114],
[66, 124],
[66, 137],
[66, 138],
[66, 156],
[66, 166],
[66, 168],
[67, 78],
[67, 79],
[67, 85],
[67, 87],
[67, 89],
[67, 96],
[67, 97],
[67, 98],
[67, 99],
[67, 100],
[67, 104],
[67, 105],
[67, 113],
[67, 120],
[67, 122],
[67, 123],
[67, 125],
[67, 137],
[67, 138],
[67, 167],
[67, 190],
[67, 192],
[67, 193],
[67, 194],
[68, 78],
[68, 79],
[68, 84],
[68, 85],
[68, 89],
[68, 96],
[68, 97],
[68, 98],
[68, 99],
[68, 103],
[68, 104],
[68, 105],
[68, 113],
[68, 116],
[68, 117],
[68, 120],
[68, 122],
[68, 123],
[68, 125],
[68, 139],
[68, 167],
[68, 190],
[68, 192],
[68, 193],
[68, 194],
[69, 76],
[69, 77],
[69, 79],
[69, 80],
[69, 81],
[69, 82],
[69, 84],
[69, 85],
[69, 86],
[69, 89],
[69, 91],
[69, 93],
[69, 94],
[69, 95],
[69, 96],
[69, 100],
[69, 102],
[69, 103],
[69, 105],
[69, 111],
[69, 112],
[69, 117],
[69, 125],
[69, 127],
[69, 128],
[69, 138],
[69, 139],
[69, 157],
[69, 196],
[69, 197],
[70, 74],
[70, 75],
[70, 76],
[70, 77],
[70, 78],
[70, 79],
[70, 80],
[70, 81],
[70, 82],
[70, 91],
[70, 94],
[70, 95],
[70, 102],
[70, 109],
[70, 111],
[70, 126],
[70, 128],
[70, 157],
[70, 196],
[70, 197],
[71, 74],
[71, 76],
[71, 77],
[71, 78],
[71, 79],
[71, 80],
[71, 81],
[71, 82],
[71, 83],
[71, 86],
[71, 90],
[71, 91],
[71, 94],
[71, 100],
[71, 105],
[71, 109],
[71, 110],
[71, 126],
[71, 127],
[71, 128],
[71, 135],
[71, 155],
[71, 157],
[71, 196],
[71, 197],
[72, 76],
[72, 79],
[72, 83],
[72, 90],
[72, 92],
[72, 93],
[72, 94],
[72, 95],
[72, 100],
[72, 102],
[72, 105],
[72, 110],
[72, 111],
[72, 126],
[72, 127],
[72, 135],
[72, 136],
[73, 75],
[73, 77],
[73, 79],
[73, 81],
[73, 82],
[73, 83],
[73, 90],
[73, 92],
[73, 93],
[73, 95],
[73, 100],
[73, 101],
[73, 105],
[73, 111],
[73, 126],
[73, 127],
[73, 135],
[73, 136],
[73, 140],
[73, 142],
[73, 145],
[73, 196],
[74, 75],
[74, 77],
[74, 79],
[74, 81],
[74, 83],
[74, 90],
[74, 92],
[74, 93],
[74, 95],
[74, 101],
[74, 102],
[74, 105],
[74, 126],
[74, 127],
[74, 135],
[74, 136],
[74, 140],
[74, 142],
[74, 196],
[74, 197],
[75, 78],
[75, 79],
[75, 80],
[75, 81],
[75, 82],
[75, 83],
[75, 86],
[75, 89],
[75, 90],
[75, 91],
[75, 94],
[75, 96],
[75, 100],
[75, 101],
[75, 102],
[75, 105],
[75, 109],
[75, 110],
[75, 114],
[75, 126],
[75, 127],
[75, 128],
[75, 133],
[75, 135],
[75, 140],
[75, 147],
[75, 155],
[75, 156],
[75, 159],
[75, 161],
[75, 164],
[75, 196],
[75, 197],
[76, 78],
[76, 79],
[76, 80],
[76, 81],
[76, 82],
[76, 83],
[76, 86],
[76, 88],
[76, 90],
[76, 92],
[76, 93],
[76, 100],
[76, 103],
[76, 104],
[76, 126],
[76, 135],
[76, 138],
[76, 141],
[76, 142],
[76, 143],
[76, 145],
[76, 157],
[76, 196],
[76, 197],
[77, 80],
[77, 81],
[77, 82],
[77, 83],
[77, 90],
[77, 91],
[77, 93],
[77, 94],
[77, 100],
[77, 101],
[77, 105],
[77, 109],
[77, 110],
[77, 127],
[77, 128],
[77, 135],
[77, 140],
[77, 145],
[77, 157],
[77, 196],
[77, 197],
[78, 81],
[78, 83],
[78, 87],
[78, 88],
[78, 90],
[78, 92],
[78, 97],
[78, 98],
[78, 99],
[78, 101],
[78, 102],
[78, 104],
[78, 106],
[78, 107],
[78, 108],
[78, 109],
[78, 113],
[78, 114],
[78, 115],
[78, 116],
[78, 118],
[78, 119],
[78, 120],
[78, 123],
[78, 124],
[78, 127],
[78, 128],
[78, 136],
[78, 137],
[78, 155],
[78, 156],
[78, 157],
[78, 164],
[78, 165],
[78, 167],
[78, 190],
[78, 191],
[78, 192],
[78, 193],
[78, 194],
[78, 195],
[78, 196],
[78, 197],
[79, 81],
[79, 82],
[79, 83],
[79, 84],
[79, 87],
[79, 89],
[79, 90],
[79, 91],
[79, 92],
[79, 94],
[79, 96],
[79, 97],
[79, 98],
[79, 99],
[79, 101],
[79, 102],
[79, 108],
[79, 110],
[79, 111],
[79, 112],
[79, 113],
[79, 115],
[79, 116],
[79, 117],
[79, 118],
[79, 119],
[79, 120],
[79, 122],
[79, 123],
[79, 124],
[79, 125],
[79, 126],
[79, 127],
[79, 128],
[79, 136],
[79, 137],
[79, 139],
[79, 155],
[79, 157],
[79, 190],
[79, 191],
[79, 192],
[79, 193],
[79, 194],
[79, 195],
[79, 196],
[79, 197],
[80, 81],
[80, 82],
[80, 83],
[80, 84],
[80, 85],
[80, 88],
[80, 89],
[80, 90],
[80, 91],
[80, 92],
[80, 93],
[80, 94],
[80, 95],
[80, 96],
[80, 101],
[80, 102],
[80, 104],
[80, 108],
[80, 109],
[80, 111],
[80, 112],
[80, 114],
[80, 115],
[80, 116],
[80, 117],
[80, 118],
[80, 119],
[80, 125],
[80, 127],
[80, 128],
[80, 133],
[80, 135],
[80, 137],
[80, 138],
[80, 139],
[80, 147],
[80, 155],
[80, 156],
[80, 159],
[80, 161],
[80, 164],
[80, 190],
[80, 191],
[80, 193],
[80, 194],
[80, 195],
[80, 196],
[80, 197],
[81, 86],
[81, 92],
[81, 93],
[81, 94],
[81, 95],
[81, 100],
[81, 101],
[81, 105],
[81, 110],
[81, 111],
[81, 145],
[81, 157],
[82, 92],
[82, 95],
[82, 100],
[82, 102],
[82, 105],
[82, 111],
[82, 126],
[82, 127],
[82, 135],
[82, 140],
[82, 142],
[83, 92],
[83, 93],
[83, 94],
[83, 95],
[83, 100],
[83, 102],
[83, 109],
[83, 110],
[83, 111],
[83, 126],
[83, 127],
[83, 128],
[83, 157],
[84, 88],
[84, 97],
[84, 98],
[84, 99],
[84, 100],
[84, 104],
[84, 105],
[84, 107],
[84, 116],
[84, 117],
[84, 118],
[84, 119],
[84, 120],
[84, 123],
[84, 124],
[84, 125],
[84, 126],
[84, 135],
[84, 137],
[84, 138],
[84, 139],
[84, 155],
[84, 157],
[84, 161],
[84, 164],
[84, 165],
[84, 167],
[84, 168],
[84, 190],
[84, 191],
[84, 192],
[84, 193],
[84, 194],
[84, 195],
[85, 87],
[85, 88],
[85, 97],
[85, 98],
[85, 99],
[85, 101],
[85, 102],
[85, 105],
[85, 106],
[85, 107],
[85, 109],
[85, 112],
[85, 114],
[85, 116],
[85, 117],
[85, 119],
[85, 120],
[85, 123],
[85, 126],
[85, 127],
[85, 135],
[85, 138],
[85, 139],
[85, 155],
[85, 156],
[85, 157],
[85, 165],
[85, 190],
[85, 192],
[85, 193],
[85, 194],
[85, 196],
[86, 87],
[86, 88],
[86, 90],
[86, 96],
[86, 97],
[86, 98],
[86, 100],
[86, 102],
[86, 104],
[86, 106],
[86, 107],
[86, 109],
[86, 112],
[86, 113],
[86, 114],
[86, 115],
[86, 117],
[86, 118],
[86, 120],
[86, 123],
[86, 124],
[86, 125],
[86, 127],
[86, 128],
[86, 135],
[86, 136],
[86, 137],
[86, 138],
[86, 139],
[86, 155],
[86, 156],
[86, 157],
[86, 164],
[86, 167],
[86, 191],
[86, 194],
[86, 195],
[87, 97],
[87, 98],
[87, 100],
[87, 103],
[87, 105],
[87, 106],
[87, 107],
[87, 108],
[87, 112],
[87, 114],
[87, 115],
[87, 116],
[87, 117],
[87, 118],
[87, 120],
[87, 121],
[87, 122],
[87, 123],
[87, 125],
[87, 137],
[87, 138],
[87, 139],
[87, 155],
[87, 156],
[87, 157],
[87, 164],
[87, 165],
[87, 167],
[87, 190],
[87, 191],
[87, 192],
[87, 193],
[87, 194],
[87, 195],
[88, 100],
[88, 102],
[88, 103],
[88, 106],
[88, 107],
[88, 108],
[88, 109],
[88, 112],
[88, 114],
[88, 115],
[88, 116],
[88, 117],
[88, 118],
[88, 119],
[88, 121],
[88, 126],
[88, 127],
[88, 128],
[88, 135],
[88, 139],
[88, 155],
[88, 156],
[88, 157],
[88, 165],
[88, 191],
[88, 195],
[89, 99],
[89, 100],
[89, 104],
[89, 105],
[89, 113],
[89, 116],
[89, 117],
[89, 119],
[89, 121],
[89, 122],
[89, 124],
[89, 125],
[89, 126],
[89, 133],
[89, 135],
[89, 137],
[89, 138],
[89, 139],
[89, 147],
[89, 155],
[89, 159],
[89, 161],
[89, 164],
[89, 165],
[89, 167],
[89, 168],
[89, 190],
[89, 192],
[89, 193],
[90, 93],
[90, 94],
[90, 95],
[90, 100],
[90, 102],
[90, 105],
[90, 109],
[90, 110],
[90, 111],
[90, 127],
[90, 128],
[90, 157],
[91, 100],
[91, 101],
[91, 105],
[91, 126],
[91, 135],
[91, 140],
[91, 142],
[91, 145],
[91, 197],
[92, 94],
[92, 102],
[92, 109],
[92, 110],
[92, 126],
[92, 127],
[92, 128],
[92, 157],
[92, 196],
[92, 197],
[93, 102],
[93, 109],
[93, 110],
[93, 111],
[93, 127],
[93, 128],
[93, 135],
[93, 157],
[93, 196],
[93, 197],
[94, 101],
[94, 102],
[94, 105],
[94, 126],
[94, 127],
[94, 135],
[94, 140],
[94, 142],
[94, 196],
[94, 197],
[95, 101],
[95, 102],
[95, 105],
[95, 109],
[95, 127],
[95, 128],
[95, 135],
[95, 140],
[95, 142],
[95, 157],
[95, 196],
[95, 197],
[96, 99],
[96, 100],
[96, 103],
[96, 104],
[96, 105],
[96, 106],
[96, 107],
[96, 108],
[96, 116],
[96, 117],
[96, 119],
[96, 120],
[96, 121],
[96, 122],
[96, 124],
[96, 125],
[96, 126],
[96, 132],
[96, 133],
[96, 134],
[96, 135],
[96, 137],
[96, 138],
[96, 139],
[96, 147],
[96, 159],
[96, 161],
[96, 162],
[96, 163],
[96, 164],
[96, 167],
[96, 168],
[96, 169],
[96, 192],
[96, 193],
[96, 194],
[97, 103],
[97, 104],
[97, 105],
[97, 106],
[97, 107],
[97, 108],
[97, 112],
[97, 113],
[97, 114],
[97, 115],
[97, 116],
[97, 117],
[97, 119],
[97, 120],
[97, 124],
[97, 125],
[97, 137],
[97, 138],
[97, 139],
[97, 155],
[97, 156],
[97, 157],
[97, 165],
[97, 192],
[97, 193],
[97, 195],
[98, 103],
[98, 104],
[98, 105],
[98, 106],
[98, 107],
[98, 108],
[98, 112],
[98, 113],
[98, 114],
[98, 121],
[98, 124],
[98, 137],
[98, 138],
[98, 139],
[98, 155],
[98, 156],
[98, 157],
[98, 165],
[99, 103],
[99, 104],
[99, 105],
[99, 107],
[99, 108],
[99, 113],
[99, 117],
[99, 119],
[99, 137],
[99, 138],
[99, 139],
[99, 191],
[100, 103],
[100, 108],
[100, 109],
[100, 110],
[100, 112],
[100, 113],
[100, 115],
[100, 116],
[100, 117],
[100, 118],
[100, 124],
[100, 125],
[100, 126],
[100, 128],
[100, 135],
[100, 136],
[100, 137],
[100, 138],
[100, 139],
[100, 143],
[100, 145],
[100, 155],
[100, 157],
[100, 190],
[100, 191],
[100, 192],
[100, 193],
[100, 195],
[101, 104],
[101, 105],
[101, 109],
[101, 110],
[101, 111],
[101, 127],
[101, 128],
[101, 135],
[101, 136],
[101, 140],
[101, 141],
[101, 144],
[101, 145],
[101, 182],
[101, 186],
[101, 196],
[102, 103],
[102, 104],
[102, 109],
[102, 111],
[102, 126],
[102, 136],
[102, 138],
[102, 140],
[102, 142],
[102, 143],
[102, 144],
[102, 157],
[102, 186],
[102, 196],
[102, 197],
[103, 106],
[103, 107],
[103, 108],
[103, 109],
[103, 112],
[103, 113],
[103, 114],
[103, 116],
[103, 118],
[103, 119],
[103, 120],
[103, 123],
[103, 124],
[103, 126],
[103, 127],
[103, 128],
[103, 135],
[103, 136],
[103, 156],
[103, 157],
[103, 190],
[103, 191],
[103, 192],
[103, 193],
[103, 194],
[103, 195],
[104, 108],
[104, 109],
[104, 113],
[104, 115],
[104, 118],
[104, 119],
[104, 120],
[104, 121],
[104, 122],
[104, 123],
[104, 126],
[104, 127],
[104, 128],
[104, 135],
[104, 191],
[104, 194],
[104, 195],
[104, 196],
[105, 108],
[105, 109],
[105, 110],
[105, 111],
[105, 112],
[105, 113],
[105, 115],
[105, 116],
[105, 117],
[105, 118],
[105, 119],
[105, 120],
[105, 122],
[105, 123],
[105, 124],
[105, 125],
[105, 135],
[105, 136],
[105, 137],
[105, 139],
[105, 140],
[105, 145],
[105, 155],
[105, 157],
[105, 190],
[105, 191],
[105, 192],
[105, 193],
[105, 194],
[105, 195],
[105, 196],
[105, 197],
[106, 112],
[106, 115],
[106, 118],
[106, 120],
[106, 123],
[106, 125],
[106, 139],
[106, 156],
[106, 157],
[106, 164],
[106, 167],
[106, 191],
[106, 194],
[106, 195],
[107, 112],
[107, 113],
[107, 114],
[107, 116],
[107, 117],
[107, 118],
[107, 119],
[107, 120],
[107, 123],
[107, 125],
[107, 139],
[107, 156],
[107, 157],
[107, 190],
[107, 191],
[107, 192],
[107, 193],
[107, 194],
[107, 195],
[108, 109],
[108, 112],
[108, 113],
[108, 114],
[108, 116],
[108, 117],
[108, 119],
[108, 120],
[108, 123],
[108, 124],
[108, 126],
[108, 137],
[108, 138],
[108, 156],
[108, 157],
[108, 164],
[108, 167],
[108, 190],
[108, 191],
[108, 192],
[108, 193],
[108, 194],
[109, 126],
[109, 135],
[109, 136],
[109, 138],
[109, 140],
[109, 142],
[110, 126],
[110, 127],
[110, 135],
[110, 136],
[110, 141],
[110, 145],
[110, 196],
[110, 197],
[111, 127],
[111, 128],
[111, 135],
[111, 140],
[111, 142],
[111, 157],
[111, 196],
[111, 197],
[112, 115],
[112, 117],
[112, 118],
[112, 120],
[112, 123],
[112, 125],
[112, 126],
[112, 133],
[112, 135],
[112, 138],
[112, 139],
[112, 155],
[112, 157],
[112, 161],
[112, 163],
[112, 165],
[112, 166],
[112, 167],
[112, 168],
[112, 190],
[112, 191],
[112, 194],
[112, 195],
[113, 115],
[113, 118],
[113, 120],
[113, 122],
[113, 123],
[113, 124],
[113, 125],
[113, 137],
[113, 138],
[113, 155],
[113, 156],
[113, 157],
[113, 164],
[113, 165],
[113, 167],
[113, 190],
[113, 191],
[113, 192],
[113, 193],
[113, 194],
[113, 195],
[114, 115],
[114, 118],
[114, 120],
[114, 123],
[114, 126],
[114, 133],
[114, 135],
[114, 147],
[114, 155],
[114, 159],
[114, 161],
[114, 164],
[114, 165],
[114, 167],
[114, 168],
[114, 190],
[114, 191],
[114, 194],
[114, 195],
[115, 120],
[115, 121],
[115, 122],
[115, 123],
[115, 124],
[115, 137],
[115, 138],
[115, 139],
[115, 155],
[115, 156],
[115, 157],
[115, 165],
[116, 118],
[116, 119],
[116, 120],
[116, 121],
[116, 122],
[116, 124],
[116, 191],
[116, 194],
[116, 195],
[117, 118],
[117, 119],
[117, 120],
[117, 121],
[117, 122],
[117, 123],
[117, 124],
[117, 126],
[117, 135],
[117, 191],
[117, 195],
[118, 120],
[118, 121],
[118, 122],
[118, 123],
[118, 124],
[118, 125],
[118, 137],
[118, 138],
[118, 139],
[118, 155],
[118, 156],
[118, 157],
[118, 165],
[118, 192],
[118, 193],
[119, 120],
[119, 122],
[119, 123],
[119, 124],
[119, 137],
[119, 138],
[119, 139],
[119, 192],
[119, 193],
[120, 124],
[120, 125],
[120, 137],
[120, 138],
[120, 156],
[120, 157],
[120, 190],
[120, 191],
[120, 192],
[120, 193],
[120, 194],
[120, 195],
[121, 123],
[121, 124],
[121, 125],
[121, 137],
[121, 138],
[121, 190],
[121, 191],
[121, 193],
[121, 194],
[121, 195],
[122, 124],
[122, 125],
[122, 137],
[122, 138],
[122, 139],
[122, 191],
[122, 192],
[122, 193],
[122, 195],
[123, 138],
[123, 139],
[123, 155],
[123, 156],
[123, 157],
[123, 165],
[123, 191],
[123, 193],
[123, 195],
[124, 139],
[124, 190],
[124, 191],
[124, 193],
[124, 194],
[124, 195],
[125, 126],
[125, 135],
[125, 191],
[125, 195],
[126, 133],
[126, 136],
[126, 138],
[126, 139],
[126, 147],
[126, 155],
[126, 156],
[126, 159],
[126, 161],
[126, 164],
[126, 196],
[126, 197],
[127, 135],
[127, 136],
[127, 138],
[127, 140],
[127, 143],
[127, 145],
[127, 155],
[127, 157],
[127, 197],
[128, 138],
[128, 140],
[128, 142],
[128, 145],
[128, 157],
[129, 143],
[129, 144],
[129, 179],
[129, 180],
[129, 181],
[129, 183],
[129, 185],
[129, 186],
[129, 187],
[129, 189],
[130, 178],
[130, 180],
[130, 182],
[130, 188],
[130, 198],
[130, 200],
[131, 178],
[131, 179],
[131, 182],
[131, 188],
[132, 150],
[132, 151],
[132, 153],
[132, 154],
[132, 155],
[132, 157],
[132, 158],
[132, 159],
[132, 161],
[132, 162],
[132, 163],
[132, 164],
[132, 165],
[132, 171],
[133, 135],
[133, 147],
[133, 149],
[133, 152],
[133, 153],
[133, 156],
[133, 160],
[133, 166],
[133, 168],
[133, 169],
[133, 170],
[133, 171],
[133, 201],
[134, 150],
[134, 151],
[134, 154],
[134, 156],
[134, 157],
[134, 159],
[134, 160],
[134, 161],
[134, 163],
[134, 164],
[134, 165],
[134, 168],
[134, 169],
[134, 170],
[134, 201],
[135, 138],
[135, 139],
[135, 145],
[135, 147],
[135, 155],
[135, 156],
[135, 159],
[135, 161],
[135, 164],
[136, 140],
[136, 157],
[137, 190],
[137, 191],
[137, 194],
[137, 195],
[138, 191],
[138, 194],
[138, 195],
[139, 191],
[139, 192],
[139, 194],
[139, 195],
[140, 143],
[140, 144],
[141, 145],
[141, 172],
[141, 174],
[141, 180],
[141, 182],
[141, 186],
[141, 200],
[142, 143],
[142, 144],
[143, 172],
[143, 174],
[143, 180],
[143, 181],
[143, 183],
[143, 184],
[143, 185],
[143, 187],
[143, 188],
[143, 189],
[143, 200],
[144, 173],
[144, 175],
[144, 177],
[144, 178],
[144, 179],
[144, 181],
[144, 183],
[144, 184],
[144, 185],
[144, 187],
[144, 188],
[144, 189],
[145, 172],
[145, 174],
[145, 180],
[145, 182],
[145, 184],
[145, 185],
[145, 187],
[145, 188],
[145, 189],
[145, 200],
[146, 157],
[147, 155],
[147, 156],
[147, 159],
[147, 161],
[147, 164],
[148, 157],
[149, 155],
[149, 156],
[149, 157],
[149, 158],
[149, 159],
[149, 160],
[149, 163],
[149, 164],
[149, 165],
[149, 168],
[149, 170],
[149, 171],
[149, 201],
[150, 152],
[150, 159],
[150, 161],
[150, 162],
[150, 170],
[150, 171],
[151, 152],
[151, 153],
[151, 161],
[151, 162],
[152, 155],
[152, 158],
[152, 159],
[152, 161],
[152, 162],
[152, 170],
[152, 171],
[152, 201],
[153, 155],
[153, 157],
[153, 158],
[153, 161],
[153, 162],
[153, 169],
[154, 159],
[154, 161],
[154, 162],
[154, 170],
[154, 171],
[155, 158],
[155, 160],
[155, 163],
[155, 166],
[155, 167],
[155, 170],
[155, 171],
[155, 190],
[155, 191],
[155, 195],
[156, 159],
[156, 160],
[156, 162],
[156, 163],
[156, 165],
[156, 166],
[156, 169],
[156, 190],
[156, 191],
[156, 194],
[156, 195],
[157, 158],
[157, 160],
[157, 162],
[157, 163],
[157, 165],
[157, 166],
[157, 167],
[157, 168],
[157, 169],
[157, 170],
[157, 171],
[157, 190],
[157, 191],
[157, 194],
[157, 195],
[157, 196],
[157, 197],
[158, 161],
[158, 162],
[158, 163],
[158, 164],
[158, 165],
[159, 160],
[159, 161],
[159, 162],
[159, 163],
[159, 164],
[159, 165],
[159, 168],
[160, 164],
[160, 165],
[160, 166],
[160, 168],
[160, 169],
[160, 170],
[160, 171],
[161, 166],
[161, 167],
[161, 169],
[162, 163],
[162, 164],
[162, 166],
[162, 167],
[162, 169],
[162, 171],
[163, 167],
[163, 168],
[164, 167],
[164, 169],
[165, 166],
[165, 167],
[165, 169],
[165, 190],
[165, 191],
[165, 195],
[168, 169],
[172, 176],
[172, 180],
[172, 182],
[172, 186],
[172, 200],
[174, 175],
[174, 176],
[174, 177],
[174, 180],
[174, 182],
[174, 186],
[174, 200],
[178, 182],
[178, 188],
[178, 198],
[178, 200],
[180, 182],
[180, 186],
[180, 198],
[180, 200],
[181, 184],
[181, 186],
[181, 187],
[181, 188],
[182, 184],
[182, 186],
[182, 187],
[182, 189],
[182, 199],
[182, 200],
[183, 186],
[183, 189],
[183, 199],
[184, 188],
[184, 189],
[185, 187],
[185, 189],
[185, 199],
[186, 200],
[190, 191],
[190, 192],
[190, 193],
[190, 194],
[190, 195],
[191, 192],
[191, 193],
[191, 194],
[191, 195],
[192, 193],
[192, 194],
[192, 195],
[193, 194],
[193, 195],
[194, 195],
[196, 197],
[198, 200],
];
original_pcis = [0, 0, 0, 0, 0, 0, 0, 0, 0, 0, 0, 0, 0, 0, 0, 0, 0, 0, 0, 0, 0, 0, 0, 0, 0, 0, 0, 0, 0, 0, 0, 0, 0, 0, 0, 0, 0, 0, 0, 0, 0, 0, 0, 0, 0, 0, 0, 0, 0, 0, 0, 324, 206, 205, 25, 258, 377, 267, 214, 164, 483, 416, 502, 396, 439, 398, 186, 217, 278, 432, 185, 184, 399, 401, 400, 168, 338, 337, 489, 208, 326, 459, 380, 379, 90, 85, 86, 349, 395, 408, 354, 437, 382, 165, 176, 175, 344, 409, 449, 402, 59, 10, 186, 93, 424, 374, 153, 433, 371, 450, 365, 499, 288, 370, 92, 168, 181, 182, 110, 274, 375, 445, 446, 378, 37, 38, 9, 443, 109, 457, 458, 456, 213, 80, 199, 294, 461, 372, 421, 269, 375, 94, 485, 225, 227, 226, 336, 238, 458, 45, 226, 440, 465, 211, 410, 72, 307, 308, 171, 164, 183, 242, 403, 104, 495, 76, 105, 202, 281, 384, 214, 53, 16, 453, 500, 339, 340, 491, 163, 41, 372, 461, 291, 460, 279, 413, 424, 153, 155, 154, 305, 150, 240, 161, 46, 143, 229, 69, 0, 0, 0, 0];
cp_solver_time = 0.501648926;
feasible_solution = [480, 479, 495, 497, 501, 496, 471, 497, 501, 500, 501, 491, 501, 500, 499, 501, 492, 484, 486, 502, 475, 494, 482, 500, 502, 495, 498, 500, 492, 468, 487, 478, 502, 481, 474, 484, 499, 477, 476, 495, 483, 499, 495, 485, 490, 489, 502, 491, 498, 490, 472, 487, 492, 486, 473, 483, 491, 484, 487, 476, 421, 498, 476, 495, 483, 497, 501, 494, 493, 500, 501, 493, 500, 496, 494, 472, 502, 488, 480, 471, 496, 468, 495, 490, 489, 469, 488, 487, 465, 477, 498, 482, 475, 478, 489, 484, 475, 496, 468, 498, 481, 500, 493, 490, 482, 467, 502, 479, 472, 499, 501, 480, 498, 470, 495, 494, 488, 365, 501, 495, 497, 495, 502, 500, 479, 473, 486, 485, 491, 500, 499, 502, 469, 488, 467, 479, 483, 492, 478, 497, 498, 499, 500, 492, 494, 495, 502, 500, 501, 493, 491, 500, 473, 487, 498, 478, 481, 492, 500, 501, 482, 485, 496, 486, 499, 472, 502, 500, 487, 498, 502, 499, 498, 501, 500, 499, 502, 496, 498, 496, 497, 499, 501, 498, 500, 502, 362, 496, 497, 499, 499, 474, 485, 491, 486, 493, 477, 497, 501, 500, 502, 470];
num_inter_technology_neighbors = 0;
inter_technology_neighbors = [];
