instance_name = "pci_052_n0174_orig";
instance_group = "orig";
min_allowed_pci = 0;
max_allowed_pci = 477;
module_k = 4;
num_nodes = 174;
num_top_neighbors = 154;
top_neighbors = [
[0, 6],
[0, 9],
[1, 2],
[1, 18],
[2, 8],
[3, 5],
[3, 10],
[4, 13],
[4, 131],
[5, 11],
[7, 19],
[7, 25],
[8, 23],
[9, 15],
[10, 16],
[11, 12],
[12, 13],
[15, 17],
[16, 35],
[17, 18],
[20, 31],
[20, 32],
[21, 26],
[21, 30],
[22, 24],
[22, 37],
[24, 37],
[25, 26],
[27, 29],
[27, 38],
[28, 30],
[28, 31],
[32, 34],
[33, 130],
[33, 131],
[34, 141],
[36, 38],
[36, 152],
[39, 41],
[39, 147],
[40, 46],
[40, 93],
[42, 49],
[42, 97],
[43, 44],
[45, 77],
[45, 80],
[46, 81],
[47, 82],
[47, 83],
[48, 57],
[48, 70],
[49, 100],
[50, 66],
[51, 56],
[51, 75],
[52, 55],
[52, 101],
[53, 56],
[53, 68],
[55, 66],
[57, 59],
[59, 65],
[60, 61],
[60, 64],
[61, 99],
[64, 65],
[67, 75],
[67, 90],
[68, 100],
[69, 72],
[69, 87],
[70, 71],
[72, 74],
[73, 74],
[76, 88],
[76, 90],
[77, 94],
[78, 83],
[78, 92],
[79, 96],
[79, 105],
[80, 92],
[82, 84],
[84, 85],
[86, 94],
[86, 96],
[87, 88],
[89, 91],
[97, 101],
[98, 99],
[98, 102],
[103, 104],
[103, 105],
[106, 156],
[106, 158],
[107, 148],
[107, 165],
[108, 132],
[108, 155],
[109, 129],
[109, 170],
[110, 111],
[110, 134],
[111, 172],
[112, 114],
[112, 170],
[113, 146],
[113, 171],
[114, 128],
[115, 128],
[115, 142],
[116, 126],
[116, 135],
[117, 129],
[117, 143],
[118, 127],
[118, 173],
[119, 160],
[119, 173],
[120, 122],
[120, 127],
[121, 152],
[121, 159],
[122, 166],
[124, 161],
[124, 164],
[126, 169],
[130, 132],
[133, 135],
[133, 136],
[134, 137],
[136, 164],
[137, 145],
[138, 144],
[140, 163],
[140, 166],
[141, 162],
[142, 171],
[143, 172],
[145, 151],
[146, 147],
[148, 165],
[149, 153],
[149, 154],
[150, 159],
[150, 168],
[151, 157],
[153, 155],
[154, 157],
[156, 163],
[161, 162],
[167, 168],
[167, 169],
];
num_regular_neighbors = 914;
regular_neighbors = [
[0, 1],
[0, 2],
[0, 3],
[0, 10],
[0, 12],
[0, 13],
[0, 15],
[0, 18],
[0, 21],
[0, 24],
[0, 30],
[1, 3],
[1, 4],
[1, 7],
[1, 10],
[1, 11],
[1, 12],
[1, 13],
[1, 15],
[1, 16],
[1, 19],
[1, 21],
[1, 22],
[1, 24],
[1, 25],
[2, 3],
[2, 4],
[2, 5],
[2, 6],
[2, 10],
[2, 11],
[2, 12],
[2, 13],
[2, 14],
[2, 15],
[2, 17],
[2, 19],
[2, 29],
[3, 4],
[3, 6],
[3, 9],
[3, 12],
[3, 15],
[3, 18],
[3, 19],
[3, 21],
[3, 24],
[4, 5],
[4, 7],
[4, 10],
[4, 12],
[4, 15],
[4, 19],
[4, 20],
[4, 22],
[4, 25],
[4, 31],
[4, 32],
[4, 33],
[4, 34],
[4, 141],
[5, 8],
[5, 10],
[5, 12],
[5, 14],
[5, 17],
[5, 20],
[5, 23],
[5, 26],
[5, 32],
[6, 7],
[6, 8],
[6, 9],
[6, 12],
[6, 18],
[6, 24],
[7, 8],
[7, 10],
[7, 13],
[7, 22],
[8, 9],
[8, 11],
[8, 20],
[8, 26],
[9, 10],
[9, 11],
[9, 12],
[9, 18],
[9, 21],
[9, 22],
[9, 24],
[10, 11],
[10, 12],
[10, 13],
[10, 18],
[10, 22],
[10, 25],
[11, 14],
[11, 17],
[11, 22],
[12, 14],
[12, 15],
[12, 18],
[12, 22],
[12, 24],
[13, 14],
[13, 15],
[13, 16],
[13, 17],
[13, 22],
[13, 24],
[13, 25],
[13, 37],
[14, 17],
[15, 16],
[15, 18],
[15, 20],
[15, 22],
[15, 27],
[15, 33],
[15, 35],
[15, 36],
[15, 37],
[15, 38],
[15, 167],
[16, 17],
[16, 22],
[16, 33],
[16, 34],
[16, 36],
[16, 37],
[16, 167],
[17, 19],
[17, 24],
[17, 25],
[17, 26],
[17, 27],
[17, 28],
[17, 29],
[17, 38],
[17, 141],
[18, 19],
[18, 20],
[18, 21],
[18, 24],
[18, 25],
[18, 27],
[19, 20],
[19, 28],
[19, 31],
[20, 22],
[20, 23],
[20, 33],
[20, 34],
[20, 131],
[21, 22],
[21, 23],
[21, 29],
[21, 141],
[22, 23],
[22, 33],
[22, 34],
[22, 35],
[22, 167],
[24, 25],
[24, 26],
[24, 36],
[27, 28],
[27, 30],
[27, 36],
[27, 37],
[27, 141],
[27, 142],
[27, 169],
[28, 29],
[28, 37],
[28, 38],
[28, 141],
[28, 142],
[28, 169],
[29, 30],
[29, 31],
[29, 32],
[29, 141],
[30, 31],
[30, 32],
[30, 131],
[30, 132],
[30, 141],
[31, 32],
[31, 33],
[31, 34],
[31, 131],
[31, 141],
[32, 33],
[32, 131],
[32, 141],
[32, 167],
[33, 34],
[33, 35],
[33, 36],
[33, 141],
[33, 167],
[34, 35],
[34, 36],
[34, 37],
[34, 131],
[34, 167],
[34, 168],
[35, 36],
[35, 37],
[35, 38],
[35, 131],
[35, 167],
[35, 168],
[35, 169],
[36, 37],
[36, 141],
[36, 142],
[36, 167],
[36, 168],
[36, 169],
[37, 38],
[37, 142],
[37, 167],
[37, 168],
[37, 169],
[38, 141],
[38, 142],
[38, 152],
[38, 168],
[38, 169],
[39, 40],
[39, 45],
[39, 77],
[39, 80],
[39, 83],
[39, 92],
[40, 41],
[40, 45],
[40, 47],
[40, 75],
[40, 78],
[40, 80],
[40, 92],
[40, 147],
[41, 77],
[41, 78],
[41, 79],
[41, 83],
[41, 96],
[42, 43],
[42, 44],
[42, 53],
[42, 58],
[42, 59],
[42, 61],
[42, 64],
[42, 65],
[42, 68],
[42, 99],
[42, 100],
[43, 49],
[43, 101],
[45, 46],
[45, 47],
[45, 78],
[45, 81],
[45, 82],
[45, 83],
[45, 86],
[45, 92],
[45, 93],
[46, 47],
[46, 75],
[46, 78],
[46, 90],
[46, 93],
[47, 78],
[47, 79],
[47, 80],
[47, 81],
[47, 84],
[47, 85],
[47, 88],
[47, 93],
[47, 104],
[47, 105],
[48, 49],
[48, 50],
[48, 51],
[48, 52],
[48, 53],
[48, 54],
[48, 56],
[48, 66],
[48, 67],
[48, 68],
[48, 90],
[48, 100],
[49, 50],
[49, 53],
[49, 56],
[49, 57],
[49, 58],
[49, 59],
[49, 61],
[49, 64],
[49, 65],
[49, 68],
[49, 97],
[49, 99],
[50, 53],
[50, 57],
[50, 68],
[51, 52],
[51, 53],
[51, 54],
[51, 55],
[51, 57],
[51, 66],
[51, 67],
[51, 68],
[51, 70],
[51, 90],
[52, 53],
[52, 67],
[52, 68],
[52, 70],
[52, 90],
[52, 97],
[52, 98],
[52, 100],
[53, 54],
[53, 55],
[53, 57],
[53, 58],
[53, 59],
[53, 61],
[53, 63],
[53, 64],
[53, 65],
[53, 67],
[53, 97],
[53, 99],
[53, 100],
[53, 101],
[54, 55],
[54, 56],
[54, 57],
[54, 66],
[54, 68],
[55, 56],
[55, 67],
[55, 68],
[55, 75],
[56, 57],
[57, 58],
[58, 59],
[58, 68],
[58, 97],
[58, 100],
[59, 68],
[59, 97],
[59, 99],
[59, 100],
[60, 62],
[60, 63],
[60, 65],
[61, 63],
[61, 64],
[61, 65],
[61, 67],
[61, 97],
[61, 101],
[62, 64],
[62, 65],
[63, 64],
[63, 65],
[63, 97],
[64, 67],
[64, 68],
[64, 97],
[64, 99],
[65, 68],
[66, 67],
[66, 68],
[66, 70],
[67, 68],
[67, 70],
[67, 98],
[68, 97],
[69, 70],
[69, 71],
[69, 74],
[69, 76],
[69, 79],
[69, 81],
[69, 86],
[69, 88],
[69, 90],
[69, 91],
[69, 96],
[69, 105],
[70, 75],
[70, 88],
[70, 90],
[72, 73],
[72, 90],
[73, 90],
[74, 90],
[75, 76],
[75, 81],
[75, 90],
[75, 105],
[76, 87],
[76, 96],
[76, 105],
[77, 78],
[77, 79],
[77, 80],
[77, 83],
[77, 86],
[77, 92],
[77, 95],
[77, 96],
[78, 79],
[78, 80],
[78, 81],
[78, 82],
[78, 84],
[78, 93],
[78, 95],
[78, 103],
[78, 105],
[79, 82],
[79, 83],
[79, 84],
[79, 85],
[79, 86],
[79, 88],
[79, 94],
[79, 95],
[80, 81],
[80, 82],
[80, 93],
[81, 82],
[81, 90],
[82, 83],
[82, 85],
[82, 86],
[82, 88],
[82, 103],
[82, 104],
[82, 105],
[83, 84],
[83, 85],
[83, 92],
[83, 105],
[84, 103],
[84, 105],
[85, 87],
[85, 105],
[86, 87],
[86, 88],
[86, 95],
[87, 90],
[87, 96],
[88, 89],
[88, 90],
[88, 96],
[88, 105],
[89, 90],
[90, 91],
[90, 96],
[92, 93],
[94, 95],
[94, 96],
[95, 96],
[97, 98],
[97, 99],
[97, 100],
[97, 102],
[98, 100],
[98, 101],
[99, 100],
[99, 101],
[99, 102],
[100, 101],
[100, 102],
[101, 102],
[104, 105],
[106, 107],
[106, 108],
[106, 127],
[106, 141],
[106, 149],
[106, 153],
[106, 154],
[106, 155],
[106, 157],
[106, 162],
[106, 163],
[106, 164],
[106, 170],
[107, 108],
[107, 116],
[107, 119],
[107, 121],
[107, 124],
[107, 126],
[107, 133],
[107, 134],
[107, 137],
[107, 140],
[107, 141],
[107, 145],
[107, 149],
[107, 150],
[107, 151],
[107, 152],
[107, 153],
[107, 154],
[107, 157],
[107, 161],
[107, 162],
[107, 163],
[107, 168],
[107, 170],
[108, 170],
[108, 172],
[109, 110],
[109, 111],
[109, 113],
[109, 114],
[109, 115],
[109, 116],
[109, 117],
[109, 128],
[109, 134],
[109, 135],
[109, 141],
[109, 142],
[109, 143],
[109, 146],
[109, 147],
[109, 148],
[109, 150],
[109, 152],
[109, 168],
[109, 169],
[109, 171],
[109, 172],
[110, 113],
[110, 116],
[110, 117],
[110, 121],
[110, 128],
[110, 129],
[110, 135],
[110, 147],
[110, 151],
[110, 157],
[110, 169],
[111, 114],
[111, 117],
[111, 129],
[111, 143],
[111, 147],
[111, 152],
[111, 169],
[112, 113],
[112, 117],
[112, 121],
[112, 130],
[112, 131],
[112, 132],
[112, 141],
[112, 142],
[112, 143],
[112, 146],
[112, 152],
[112, 159],
[112, 168],
[112, 169],
[112, 171],
[113, 114],
[113, 115],
[113, 116],
[113, 117],
[113, 119],
[113, 121],
[113, 126],
[113, 128],
[113, 129],
[113, 131],
[113, 134],
[113, 142],
[113, 143],
[113, 145],
[113, 147],
[113, 152],
[113, 168],
[113, 169],
[114, 117],
[114, 129],
[114, 143],
[114, 146],
[114, 152],
[114, 169],
[114, 171],
[115, 116],
[115, 117],
[115, 146],
[115, 150],
[115, 152],
[115, 160],
[115, 168],
[115, 169],
[115, 171],
[116, 117],
[116, 121],
[116, 128],
[116, 134],
[116, 141],
[116, 142],
[116, 144],
[116, 145],
[116, 146],
[116, 151],
[116, 152],
[116, 157],
[116, 169],
[116, 171],
[117, 121],
[117, 128],
[117, 135],
[117, 141],
[117, 142],
[117, 146],
[117, 147],
[117, 152],
[117, 169],
[117, 171],
[117, 172],
[118, 119],
[118, 148],
[118, 161],
[118, 162],
[119, 121],
[119, 130],
[119, 131],
[119, 141],
[119, 148],
[119, 150],
[119, 159],
[119, 161],
[120, 121],
[120, 123],
[120, 124],
[120, 136],
[120, 140],
[120, 148],
[120, 150],
[120, 157],
[120, 164],
[120, 165],
[120, 166],
[121, 127],
[121, 129],
[121, 131],
[121, 132],
[121, 135],
[121, 136],
[121, 138],
[121, 142],
[121, 144],
[121, 145],
[121, 146],
[121, 147],
[121, 148],
[121, 150],
[121, 151],
[121, 160],
[121, 161],
[121, 162],
[121, 168],
[121, 173],
[122, 123],
[122, 124],
[122, 140],
[122, 164],
[122, 165],
[123, 124],
[123, 168],
[124, 127],
[124, 136],
[124, 140],
[124, 148],
[124, 150],
[124, 157],
[124, 159],
[124, 168],
[125, 126],
[125, 127],
[125, 133],
[125, 165],
[126, 127],
[126, 133],
[126, 134],
[126, 135],
[126, 137],
[126, 138],
[126, 145],
[126, 148],
[126, 151],
[126, 157],
[126, 165],
[127, 136],
[127, 148],
[127, 150],
[127, 154],
[127, 155],
[127, 157],
[127, 159],
[127, 161],
[127, 162],
[127, 163],
[127, 164],
[127, 165],
[128, 129],
[128, 134],
[128, 143],
[128, 146],
[128, 147],
[128, 151],
[128, 152],
[128, 169],
[128, 171],
[129, 143],
[129, 146],
[129, 147],
[129, 152],
[129, 169],
[129, 172],
[130, 131],
[130, 141],
[131, 132],
[131, 141],
[131, 146],
[131, 167],
[131, 168],
[132, 141],
[132, 146],
[133, 134],
[133, 137],
[133, 151],
[133, 165],
[134, 135],
[134, 142],
[134, 145],
[134, 148],
[134, 151],
[134, 157],
[134, 161],
[134, 165],
[135, 137],
[135, 138],
[135, 142],
[135, 143],
[135, 144],
[135, 145],
[135, 150],
[135, 151],
[135, 152],
[135, 168],
[136, 137],
[136, 138],
[136, 144],
[136, 151],
[136, 166],
[137, 138],
[137, 151],
[137, 165],
[138, 145],
[138, 151],
[138, 152],
[139, 140],
[139, 148],
[139, 156],
[139, 164],
[140, 148],
[140, 157],
[140, 164],
[140, 165],
[140, 168],
[141, 142],
[141, 143],
[141, 148],
[141, 149],
[141, 157],
[141, 158],
[141, 163],
[141, 167],
[141, 168],
[141, 169],
[141, 170],
[141, 171],
[141, 173],
[142, 143],
[142, 145],
[142, 146],
[142, 150],
[142, 151],
[142, 152],
[142, 168],
[142, 169],
[143, 146],
[143, 152],
[143, 169],
[143, 170],
[143, 171],
[144, 145],
[144, 150],
[144, 151],
[144, 152],
[145, 146],
[145, 157],
[146, 152],
[146, 159],
[146, 168],
[146, 169],
[146, 171],
[147, 169],
[148, 149],
[148, 150],
[148, 151],
[148, 152],
[148, 153],
[148, 154],
[148, 156],
[148, 157],
[148, 159],
[148, 160],
[148, 161],
[148, 162],
[148, 163],
[148, 164],
[148, 168],
[148, 173],
[149, 157],
[149, 158],
[149, 162],
[149, 163],
[150, 151],
[150, 152],
[150, 157],
[150, 160],
[150, 161],
[150, 164],
[151, 152],
[151, 165],
[151, 168],
[151, 169],
[151, 171],
[152, 160],
[152, 168],
[152, 169],
[152, 171],
[152, 172],
[153, 154],
[153, 156],
[153, 157],
[153, 158],
[153, 163],
[154, 155],
[154, 162],
[154, 163],
[155, 162],
[155, 163],
[155, 170],
[156, 157],
[156, 158],
[156, 164],
[157, 158],
[157, 159],
[157, 161],
[157, 162],
[157, 163],
[157, 164],
[157, 165],
[157, 168],
[158, 163],
[158, 170],
[159, 160],
[159, 161],
[159, 163],
[160, 168],
[161, 163],
[161, 164],
[161, 165],
[161, 168],
[162, 163],
[162, 173],
[163, 164],
[163, 170],
[164, 165],
[164, 166],
[165, 166],
[168, 169],
[169, 171],
[170, 171],
[170, 172],
[171, 172],
];
num_second_level_neighbors = 2977;
second_level_neighbors = [
[0, 4],
[0, 5],
[0, 7],
[0, 8],
[0, 11],
[0, 14],
[0, 16],
[0, 17],
[0, 19],
[0, 20],
[0, 22],
[0, 23],
[0, 25],
[0, 26],
[0, 27],
[0, 28],
[0, 29],
[0, 31],
[0, 32],
[0, 33],
[0, 35],
[0, 36],
[0, 37],
[0, 38],
[0, 131],
[0, 132],
[0, 141],
[0, 167],
[1, 5],
[1, 6],
[1, 8],
[1, 9],
[1, 14],
[1, 17],
[1, 20],
[1, 23],
[1, 26],
[1, 27],
[1, 28],
[1, 29],
[1, 30],
[1, 31],
[1, 32],
[1, 33],
[1, 34],
[1, 35],
[1, 36],
[1, 37],
[1, 38],
[1, 131],
[1, 141],
[1, 167],
[2, 7],
[2, 9],
[2, 16],
[2, 18],
[2, 20],
[2, 21],
[2, 22],
[2, 23],
[2, 24],
[2, 25],
[2, 26],
[2, 27],
[2, 28],
[2, 30],
[2, 31],
[2, 32],
[2, 33],
[2, 34],
[2, 35],
[2, 36],
[2, 37],
[2, 38],
[2, 131],
[2, 141],
[2, 167],
[3, 7],
[3, 8],
[3, 11],
[3, 13],
[3, 14],
[3, 16],
[3, 17],
[3, 20],
[3, 22],
[3, 23],
[3, 25],
[3, 26],
[3, 27],
[3, 28],
[3, 29],
[3, 30],
[3, 31],
[3, 32],
[3, 33],
[3, 34],
[3, 35],
[3, 36],
[3, 37],
[3, 38],
[3, 131],
[3, 141],
[3, 167],
[4, 6],
[4, 8],
[4, 9],
[4, 11],
[4, 14],
[4, 16],
[4, 17],
[4, 18],
[4, 21],
[4, 23],
[4, 24],
[4, 26],
[4, 27],
[4, 28],
[4, 29],
[4, 30],
[4, 35],
[4, 36],
[4, 37],
[4, 38],
[4, 106],
[4, 107],
[4, 109],
[4, 112],
[4, 113],
[4, 116],
[4, 117],
[4, 119],
[4, 121],
[4, 130],
[4, 132],
[4, 142],
[4, 143],
[4, 146],
[4, 148],
[4, 149],
[4, 157],
[4, 158],
[4, 162],
[4, 163],
[4, 167],
[4, 168],
[4, 169],
[4, 170],
[4, 171],
[4, 173],
[5, 6],
[5, 7],
[5, 9],
[5, 13],
[5, 15],
[5, 16],
[5, 18],
[5, 19],
[5, 21],
[5, 22],
[5, 24],
[5, 25],
[5, 27],
[5, 28],
[5, 29],
[5, 30],
[5, 31],
[5, 33],
[5, 34],
[5, 38],
[5, 131],
[5, 141],
[5, 167],
[6, 10],
[6, 11],
[6, 13],
[6, 14],
[6, 15],
[6, 17],
[6, 19],
[6, 20],
[6, 21],
[6, 22],
[6, 23],
[6, 25],
[6, 26],
[6, 27],
[6, 29],
[6, 30],
[6, 36],
[6, 37],
[7, 9],
[7, 11],
[7, 12],
[7, 14],
[7, 15],
[7, 16],
[7, 17],
[7, 18],
[7, 20],
[7, 21],
[7, 23],
[7, 24],
[7, 26],
[7, 28],
[7, 31],
[7, 32],
[7, 33],
[7, 34],
[7, 35],
[7, 37],
[7, 131],
[7, 141],
[7, 167],
[8, 10],
[8, 12],
[8, 13],
[8, 14],
[8, 15],
[8, 17],
[8, 18],
[8, 19],
[8, 21],
[8, 22],
[8, 24],
[8, 25],
[8, 29],
[8, 31],
[8, 32],
[8, 33],
[8, 34],
[8, 131],
[9, 13],
[9, 14],
[9, 16],
[9, 17],
[9, 19],
[9, 20],
[9, 23],
[9, 25],
[9, 26],
[9, 27],
[9, 29],
[9, 30],
[9, 33],
[9, 34],
[9, 35],
[9, 36],
[9, 37],
[9, 38],
[9, 141],
[9, 167],
[10, 14],
[10, 15],
[10, 17],
[10, 19],
[10, 20],
[10, 21],
[10, 23],
[10, 24],
[10, 26],
[10, 27],
[10, 29],
[10, 30],
[10, 31],
[10, 32],
[10, 33],
[10, 34],
[10, 35],
[10, 36],
[10, 37],
[10, 131],
[10, 141],
[10, 167],
[11, 13],
[11, 15],
[11, 16],
[11, 18],
[11, 19],
[11, 20],
[11, 21],
[11, 23],
[11, 24],
[11, 25],
[11, 26],
[11, 27],
[11, 28],
[11, 29],
[11, 32],
[11, 33],
[11, 34],
[11, 35],
[11, 37],
[11, 38],
[11, 141],
[11, 167],
[12, 16],
[12, 17],
[12, 19],
[12, 20],
[12, 21],
[12, 23],
[12, 25],
[12, 26],
[12, 27],
[12, 29],
[12, 30],
[12, 31],
[12, 32],
[12, 33],
[12, 34],
[12, 35],
[12, 36],
[12, 37],
[12, 38],
[12, 131],
[12, 141],
[12, 167],
[13, 18],
[13, 19],
[13, 20],
[13, 21],
[13, 23],
[13, 26],
[13, 27],
[13, 28],
[13, 29],
[13, 30],
[13, 31],
[13, 32],
[13, 33],
[13, 34],
[13, 35],
[13, 36],
[13, 38],
[13, 131],
[13, 141],
[13, 142],
[13, 167],
[13, 168],
[13, 169],
[14, 15],
[14, 16],
[14, 18],
[14, 19],
[14, 20],
[14, 22],
[14, 23],
[14, 24],
[14, 25],
[14, 26],
[14, 27],
[14, 28],
[14, 29],
[14, 32],
[14, 37],
[14, 38],
[14, 141],
[15, 19],
[15, 21],
[15, 23],
[15, 24],
[15, 25],
[15, 26],
[15, 28],
[15, 29],
[15, 30],
[15, 31],
[15, 32],
[15, 34],
[15, 130],
[15, 131],
[15, 141],
[15, 142],
[15, 152],
[15, 168],
[15, 169],
[16, 18],
[16, 19],
[16, 20],
[16, 21],
[16, 23],
[16, 24],
[16, 25],
[16, 26],
[16, 27],
[16, 28],
[16, 29],
[16, 31],
[16, 32],
[16, 38],
[16, 130],
[16, 131],
[16, 141],
[16, 142],
[16, 152],
[16, 168],
[16, 169],
[17, 20],
[17, 21],
[17, 22],
[17, 23],
[17, 30],
[17, 31],
[17, 32],
[17, 33],
[17, 34],
[17, 35],
[17, 36],
[17, 37],
[17, 106],
[17, 107],
[17, 109],
[17, 112],
[17, 116],
[17, 117],
[17, 119],
[17, 130],
[17, 131],
[17, 132],
[17, 142],
[17, 143],
[17, 148],
[17, 149],
[17, 152],
[17, 157],
[17, 158],
[17, 162],
[17, 163],
[17, 167],
[17, 168],
[17, 169],
[17, 170],
[17, 171],
[17, 173],
[18, 22],
[18, 23],
[18, 26],
[18, 28],
[18, 29],
[18, 30],
[18, 31],
[18, 32],
[18, 33],
[18, 34],
[18, 35],
[18, 36],
[18, 37],
[18, 38],
[18, 131],
[18, 141],
[18, 142],
[18, 167],
[18, 169],
[19, 21],
[19, 22],
[19, 23],
[19, 24],
[19, 25],
[19, 26],
[19, 27],
[19, 29],
[19, 30],
[19, 32],
[19, 33],
[19, 34],
[19, 37],
[19, 38],
[19, 131],
[19, 141],
[19, 142],
[19, 169],
[20, 21],
[20, 24],
[20, 25],
[20, 26],
[20, 27],
[20, 28],
[20, 29],
[20, 30],
[20, 35],
[20, 36],
[20, 37],
[20, 38],
[20, 112],
[20, 113],
[20, 119],
[20, 121],
[20, 130],
[20, 132],
[20, 141],
[20, 146],
[20, 167],
[20, 168],
[21, 24],
[21, 25],
[21, 27],
[21, 28],
[21, 31],
[21, 32],
[21, 33],
[21, 34],
[21, 35],
[21, 36],
[21, 37],
[21, 38],
[21, 106],
[21, 107],
[21, 109],
[21, 112],
[21, 116],
[21, 117],
[21, 119],
[21, 130],
[21, 131],
[21, 132],
[21, 142],
[21, 143],
[21, 148],
[21, 149],
[21, 157],
[21, 158],
[21, 162],
[21, 163],
[21, 167],
[21, 168],
[21, 169],
[21, 170],
[21, 171],
[21, 173],
[22, 25],
[22, 26],
[22, 27],
[22, 28],
[22, 29],
[22, 30],
[22, 31],
[22, 32],
[22, 36],
[22, 38],
[22, 130],
[22, 131],
[22, 141],
[22, 142],
[22, 168],
[22, 169],
[23, 24],
[23, 26],
[23, 29],
[23, 30],
[23, 31],
[23, 32],
[23, 33],
[23, 34],
[23, 35],
[23, 37],
[23, 131],
[23, 141],
[23, 167],
[24, 27],
[24, 28],
[24, 29],
[24, 30],
[24, 33],
[24, 34],
[24, 35],
[24, 38],
[24, 141],
[24, 142],
[24, 152],
[24, 167],
[24, 168],
[24, 169],
[25, 27],
[25, 28],
[25, 29],
[25, 31],
[25, 32],
[25, 33],
[25, 34],
[25, 36],
[25, 37],
[25, 38],
[25, 131],
[25, 141],
[26, 27],
[26, 28],
[26, 29],
[26, 30],
[26, 32],
[26, 36],
[26, 37],
[26, 38],
[26, 141],
[27, 31],
[27, 32],
[27, 33],
[27, 34],
[27, 35],
[27, 106],
[27, 107],
[27, 109],
[27, 110],
[27, 111],
[27, 112],
[27, 113],
[27, 114],
[27, 115],
[27, 116],
[27, 117],
[27, 119],
[27, 121],
[27, 126],
[27, 128],
[27, 129],
[27, 130],
[27, 131],
[27, 132],
[27, 134],
[27, 135],
[27, 143],
[27, 145],
[27, 146],
[27, 147],
[27, 148],
[27, 149],
[27, 150],
[27, 151],
[27, 152],
[27, 157],
[27, 158],
[27, 162],
[27, 163],
[27, 167],
[27, 168],
[27, 170],
[27, 171],
[27, 173],
[28, 32],
[28, 33],
[28, 34],
[28, 35],
[28, 36],
[28, 106],
[28, 107],
[28, 109],
[28, 110],
[28, 111],
[28, 112],
[28, 113],
[28, 114],
[28, 115],
[28, 116],
[28, 117],
[28, 119],
[28, 121],
[28, 126],
[28, 128],
[28, 129],
[28, 130],
[28, 131],
[28, 132],
[28, 134],
[28, 135],
[28, 143],
[28, 145],
[28, 146],
[28, 147],
[28, 148],
[28, 149],
[28, 150],
[28, 151],
[28, 152],
[28, 157],
[28, 158],
[28, 162],
[28, 163],
[28, 167],
[28, 168],
[28, 170],
[28, 171],
[28, 173],
[29, 33],
[29, 34],
[29, 36],
[29, 37],
[29, 38],
[29, 106],
[29, 107],
[29, 109],
[29, 112],
[29, 116],
[29, 117],
[29, 119],
[29, 130],
[29, 131],
[29, 132],
[29, 142],
[29, 143],
[29, 148],
[29, 149],
[29, 157],
[29, 158],
[29, 162],
[29, 163],
[29, 167],
[29, 168],
[29, 169],
[29, 170],
[29, 171],
[29, 173],
[30, 33],
[30, 34],
[30, 35],
[30, 36],
[30, 37],
[30, 38],
[30, 106],
[30, 107],
[30, 108],
[30, 109],
[30, 112],
[30, 113],
[30, 116],
[30, 117],
[30, 119],
[30, 121],
[30, 130],
[30, 142],
[30, 143],
[30, 146],
[30, 148],
[30, 149],
[30, 157],
[30, 158],
[30, 162],
[30, 163],
[30, 167],
[30, 168],
[30, 169],
[30, 170],
[30, 171],
[30, 173],
[31, 35],
[31, 36],
[31, 37],
[31, 38],
[31, 106],
[31, 107],
[31, 109],
[31, 112],
[31, 113],
[31, 116],
[31, 117],
[31, 119],
[31, 121],
[31, 130],
[31, 132],
[31, 142],
[31, 143],
[31, 146],
[31, 148],
[31, 149],
[31, 157],
[31, 158],
[31, 162],
[31, 163],
[31, 167],
[31, 168],
[31, 169],
[31, 170],
[31, 171],
[31, 173],
[32, 35],
[32, 36],
[32, 37],
[32, 38],
[32, 106],
[32, 107],
[32, 109],
[32, 112],
[32, 113],
[32, 116],
[32, 117],
[32, 119],
[32, 121],
[32, 130],
[32, 132],
[32, 142],
[32, 143],
[32, 146],
[32, 148],
[32, 149],
[32, 157],
[32, 158],
[32, 162],
[32, 163],
[32, 168],
[32, 169],
[32, 170],
[32, 171],
[32, 173],
[33, 37],
[33, 38],
[33, 106],
[33, 107],
[33, 109],
[33, 112],
[33, 113],
[33, 116],
[33, 117],
[33, 119],
[33, 121],
[33, 132],
[33, 142],
[33, 143],
[33, 146],
[33, 148],
[33, 149],
[33, 152],
[33, 157],
[33, 158],
[33, 162],
[33, 163],
[33, 168],
[33, 169],
[33, 170],
[33, 171],
[33, 173],
[34, 38],
[34, 106],
[34, 107],
[34, 109],
[34, 112],
[34, 113],
[34, 115],
[34, 116],
[34, 117],
[34, 119],
[34, 121],
[34, 123],
[34, 124],
[34, 130],
[34, 132],
[34, 135],
[34, 140],
[34, 142],
[34, 143],
[34, 146],
[34, 148],
[34, 149],
[34, 150],
[34, 151],
[34, 152],
[34, 157],
[34, 158],
[34, 160],
[34, 161],
[34, 162],
[34, 163],
[34, 169],
[34, 170],
[34, 171],
[34, 173],
[35, 107],
[35, 109],
[35, 110],
[35, 111],
[35, 112],
[35, 113],
[35, 114],
[35, 115],
[35, 116],
[35, 117],
[35, 119],
[35, 121],
[35, 123],
[35, 124],
[35, 126],
[35, 128],
[35, 129],
[35, 130],
[35, 132],
[35, 135],
[35, 140],
[35, 141],
[35, 142],
[35, 143],
[35, 146],
[35, 147],
[35, 148],
[35, 150],
[35, 151],
[35, 152],
[35, 157],
[35, 160],
[35, 161],
[35, 171],
[36, 106],
[36, 107],
[36, 109],
[36, 110],
[36, 111],
[36, 112],
[36, 113],
[36, 114],
[36, 115],
[36, 116],
[36, 117],
[36, 119],
[36, 121],
[36, 123],
[36, 124],
[36, 126],
[36, 128],
[36, 129],
[36, 130],
[36, 131],
[36, 132],
[36, 134],
[36, 135],
[36, 138],
[36, 140],
[36, 143],
[36, 144],
[36, 145],
[36, 146],
[36, 147],
[36, 148],
[36, 149],
[36, 150],
[36, 151],
[36, 157],
[36, 158],
[36, 160],
[36, 161],
[36, 162],
[36, 163],
[36, 170],
[36, 171],
[36, 172],
[36, 173],
[37, 107],
[37, 109],
[37, 110],
[37, 111],
[37, 112],
[37, 113],
[37, 114],
[37, 115],
[37, 116],
[37, 117],
[37, 121],
[37, 123],
[37, 124],
[37, 126],
[37, 128],
[37, 129],
[37, 131],
[37, 134],
[37, 135],
[37, 140],
[37, 141],
[37, 143],
[37, 145],
[37, 146],
[37, 147],
[37, 148],
[37, 150],
[37, 151],
[37, 152],
[37, 157],
[37, 160],
[37, 161],
[37, 171],
[38, 106],
[38, 107],
[38, 109],
[38, 110],
[38, 111],
[38, 112],
[38, 113],
[38, 114],
[38, 115],
[38, 116],
[38, 117],
[38, 119],
[38, 121],
[38, 123],
[38, 124],
[38, 126],
[38, 128],
[38, 129],
[38, 130],
[38, 131],
[38, 132],
[38, 134],
[38, 135],
[38, 138],
[38, 140],
[38, 143],
[38, 144],
[38, 145],
[38, 146],
[38, 147],
[38, 148],
[38, 149],
[38, 150],
[38, 151],
[38, 157],
[38, 158],
[38, 160],
[38, 161],
[38, 162],
[38, 163],
[38, 167],
[38, 170],
[38, 171],
[38, 172],
[38, 173],
[39, 46],
[39, 47],
[39, 75],
[39, 78],
[39, 79],
[39, 81],
[39, 82],
[39, 84],
[39, 85],
[39, 86],
[39, 93],
[39, 94],
[39, 95],
[39, 96],
[39, 105],
[39, 109],
[39, 110],
[39, 111],
[39, 113],
[39, 117],
[39, 121],
[39, 128],
[39, 129],
[39, 146],
[39, 169],
[40, 51],
[40, 55],
[40, 67],
[40, 70],
[40, 76],
[40, 77],
[40, 79],
[40, 81],
[40, 82],
[40, 83],
[40, 84],
[40, 85],
[40, 86],
[40, 88],
[40, 90],
[40, 95],
[40, 96],
[40, 103],
[40, 104],
[40, 105],
[40, 109],
[40, 110],
[40, 111],
[40, 113],
[40, 117],
[40, 121],
[40, 128],
[40, 129],
[40, 146],
[40, 169],
[41, 45],
[41, 46],
[41, 47],
[41, 69],
[41, 75],
[41, 76],
[41, 80],
[41, 81],
[41, 82],
[41, 84],
[41, 85],
[41, 86],
[41, 87],
[41, 88],
[41, 90],
[41, 92],
[41, 93],
[41, 94],
[41, 95],
[41, 103],
[41, 105],
[41, 147],
[42, 48],
[42, 50],
[42, 51],
[42, 52],
[42, 54],
[42, 55],
[42, 56],
[42, 57],
[42, 60],
[42, 62],
[42, 63],
[42, 66],
[42, 67],
[42, 98],
[42, 101],
[42, 102],
[43, 48],
[43, 50],
[43, 52],
[43, 53],
[43, 56],
[43, 57],
[43, 58],
[43, 59],
[43, 61],
[43, 64],
[43, 65],
[43, 68],
[43, 97],
[43, 98],
[43, 99],
[43, 100],
[43, 102],
[44, 49],
[44, 53],
[44, 58],
[44, 59],
[44, 61],
[44, 64],
[44, 65],
[44, 68],
[44, 97],
[44, 99],
[44, 100],
[44, 101],
[45, 69],
[45, 75],
[45, 79],
[45, 84],
[45, 85],
[45, 87],
[45, 88],
[45, 90],
[45, 94],
[45, 95],
[45, 96],
[45, 103],
[45, 104],
[45, 105],
[45, 147],
[46, 48],
[46, 51],
[46, 52],
[46, 55],
[46, 67],
[46, 69],
[46, 70],
[46, 72],
[46, 73],
[46, 74],
[46, 76],
[46, 77],
[46, 79],
[46, 80],
[46, 82],
[46, 83],
[46, 84],
[46, 85],
[46, 86],
[46, 87],
[46, 88],
[46, 89],
[46, 91],
[46, 92],
[46, 95],
[46, 96],
[46, 103],
[46, 104],
[46, 105],
[46, 147],
[47, 69],
[47, 70],
[47, 75],
[47, 76],
[47, 77],
[47, 86],
[47, 87],
[47, 89],
[47, 90],
[47, 92],
[47, 94],
[47, 95],
[47, 96],
[47, 103],
[47, 147],
[48, 55],
[48, 58],
[48, 59],
[48, 61],
[48, 63],
[48, 64],
[48, 65],
[48, 69],
[48, 71],
[48, 72],
[48, 73],
[48, 74],
[48, 75],
[48, 76],
[48, 81],
[48, 87],
[48, 88],
[48, 89],
[48, 91],
[48, 96],
[48, 97],
[48, 98],
[48, 99],
[48, 101],
[48, 102],
[49, 51],
[49, 52],
[49, 54],
[49, 55],
[49, 60],
[49, 62],
[49, 63],
[49, 66],
[49, 67],
[49, 70],
[49, 90],
[49, 98],
[49, 101],
[49, 102],
[50, 51],
[50, 52],
[50, 54],
[50, 55],
[50, 56],
[50, 58],
[50, 59],
[50, 61],
[50, 63],
[50, 64],
[50, 65],
[50, 67],
[50, 70],
[50, 90],
[50, 97],
[50, 99],
[50, 100],
[50, 101],
[51, 58],
[51, 59],
[51, 61],
[51, 63],
[51, 64],
[51, 65],
[51, 69],
[51, 71],
[51, 72],
[51, 73],
[51, 74],
[51, 76],
[51, 81],
[51, 87],
[51, 88],
[51, 89],
[51, 91],
[51, 96],
[51, 97],
[51, 98],
[51, 99],
[51, 100],
[51, 101],
[51, 105],
[52, 54],
[52, 56],
[52, 57],
[52, 58],
[52, 59],
[52, 61],
[52, 63],
[52, 64],
[52, 65],
[52, 66],
[52, 69],
[52, 71],
[52, 72],
[52, 73],
[52, 74],
[52, 75],
[52, 76],
[52, 81],
[52, 87],
[52, 88],
[52, 89],
[52, 91],
[52, 96],
[52, 99],
[52, 102],
[53, 60],
[53, 62],
[53, 66],
[53, 70],
[53, 75],
[53, 90],
[53, 98],
[53, 102],
[54, 58],
[54, 59],
[54, 61],
[54, 63],
[54, 64],
[54, 65],
[54, 67],
[54, 70],
[54, 75],
[54, 90],
[54, 97],
[54, 99],
[54, 100],
[54, 101],
[55, 57],
[55, 58],
[55, 59],
[55, 61],
[55, 63],
[55, 64],
[55, 65],
[55, 70],
[55, 76],
[55, 81],
[55, 90],
[55, 97],
[55, 98],
[55, 99],
[55, 100],
[55, 101],
[55, 105],
[56, 58],
[56, 59],
[56, 61],
[56, 63],
[56, 64],
[56, 65],
[56, 66],
[56, 67],
[56, 68],
[56, 70],
[56, 75],
[56, 90],
[56, 97],
[56, 99],
[56, 100],
[56, 101],
[57, 61],
[57, 63],
[57, 64],
[57, 65],
[57, 66],
[57, 67],
[57, 68],
[57, 70],
[57, 75],
[57, 90],
[57, 97],
[57, 99],
[57, 100],
[57, 101],
[58, 61],
[58, 63],
[58, 64],
[58, 65],
[58, 66],
[58, 67],
[58, 98],
[58, 99],
[58, 101],
[58, 102],
[59, 60],
[59, 61],
[59, 62],
[59, 63],
[59, 64],
[59, 66],
[59, 67],
[59, 98],
[59, 101],
[59, 102],
[60, 67],
[60, 68],
[60, 97],
[60, 99],
[60, 101],
[61, 62],
[61, 66],
[61, 68],
[61, 70],
[61, 75],
[61, 90],
[61, 98],
[61, 100],
[61, 102],
[62, 63],
[62, 67],
[62, 68],
[62, 97],
[62, 99],
[63, 67],
[63, 68],
[63, 98],
[63, 99],
[63, 100],
[63, 101],
[63, 102],
[64, 66],
[64, 70],
[64, 75],
[64, 90],
[64, 98],
[64, 100],
[64, 101],
[64, 102],
[65, 66],
[65, 67],
[65, 97],
[65, 99],
[65, 100],
[65, 101],
[66, 69],
[66, 71],
[66, 75],
[66, 88],
[66, 90],
[66, 97],
[66, 98],
[66, 100],
[67, 69],
[67, 71],
[67, 72],
[67, 73],
[67, 74],
[67, 76],
[67, 81],
[67, 87],
[67, 88],
[67, 89],
[67, 91],
[67, 96],
[67, 97],
[67, 99],
[67, 100],
[67, 101],
[67, 102],
[67, 105],
[68, 70],
[68, 75],
[68, 90],
[68, 98],
[68, 99],
[68, 101],
[68, 102],
[69, 73],
[69, 75],
[69, 77],
[69, 78],
[69, 80],
[69, 82],
[69, 83],
[69, 84],
[69, 85],
[69, 89],
[69, 94],
[69, 95],
[69, 103],
[69, 104],
[70, 72],
[70, 73],
[70, 74],
[70, 76],
[70, 79],
[70, 81],
[70, 82],
[70, 86],
[70, 87],
[70, 89],
[70, 91],
[70, 96],
[70, 97],
[70, 98],
[70, 100],
[70, 101],
[70, 105],
[71, 72],
[71, 74],
[71, 75],
[71, 76],
[71, 79],
[71, 81],
[71, 86],
[71, 87],
[71, 88],
[71, 90],
[71, 91],
[71, 96],
[71, 105],
[72, 75],
[72, 76],
[72, 79],
[72, 81],
[72, 86],
[72, 87],
[72, 88],
[72, 89],
[72, 91],
[72, 96],
[72, 105],
[73, 75],
[73, 76],
[73, 81],
[73, 87],
[73, 88],
[73, 89],
[73, 91],
[73, 96],
[74, 75],
[74, 76],
[74, 79],
[74, 81],
[74, 86],
[74, 87],
[74, 88],
[74, 89],
[74, 91],
[74, 96],
[74, 105],
[75, 78],
[75, 79],
[75, 80],
[75, 82],
[75, 83],
[75, 84],
[75, 85],
[75, 87],
[75, 88],
[75, 89],
[75, 91],
[75, 92],
[75, 93],
[75, 96],
[75, 98],
[75, 103],
[75, 104],
[75, 147],
[76, 77],
[76, 78],
[76, 79],
[76, 81],
[76, 82],
[76, 83],
[76, 84],
[76, 85],
[76, 86],
[76, 89],
[76, 91],
[76, 94],
[76, 95],
[76, 103],
[76, 104],
[77, 81],
[77, 82],
[77, 84],
[77, 85],
[77, 87],
[77, 88],
[77, 90],
[77, 93],
[77, 103],
[77, 105],
[77, 147],
[78, 85],
[78, 86],
[78, 88],
[78, 90],
[78, 94],
[78, 96],
[78, 104],
[78, 147],
[79, 80],
[79, 81],
[79, 87],
[79, 89],
[79, 90],
[79, 91],
[79, 92],
[79, 93],
[79, 103],
[79, 104],
[80, 83],
[80, 84],
[80, 85],
[80, 86],
[80, 88],
[80, 90],
[80, 94],
[80, 95],
[80, 96],
[80, 103],
[80, 104],
[80, 105],
[80, 147],
[81, 83],
[81, 84],
[81, 85],
[81, 86],
[81, 87],
[81, 88],
[81, 89],
[81, 91],
[81, 92],
[81, 93],
[81, 95],
[81, 96],
[81, 103],
[81, 104],
[81, 105],
[82, 87],
[82, 89],
[82, 90],
[82, 92],
[82, 93],
[82, 94],
[82, 95],
[82, 96],
[83, 86],
[83, 87],
[83, 88],
[83, 93],
[83, 94],
[83, 95],
[83, 96],
[83, 103],
[83, 104],
[83, 147],
[84, 86],
[84, 87],
[84, 88],
[84, 92],
[84, 93],
[84, 94],
[84, 95],
[84, 96],
[84, 104],
[85, 86],
[85, 88],
[85, 90],
[85, 92],
[85, 93],
[85, 94],
[85, 95],
[85, 96],
[85, 103],
[85, 104],
[86, 89],
[86, 90],
[86, 91],
[86, 92],
[86, 93],
[86, 103],
[86, 104],
[86, 105],
[87, 89],
[87, 91],
[87, 94],
[87, 95],
[87, 105],
[88, 91],
[88, 93],
[88, 94],
[88, 95],
[88, 103],
[88, 104],
[89, 96],
[89, 105],
[90, 93],
[90, 94],
[90, 95],
[90, 97],
[90, 98],
[90, 100],
[90, 101],
[90, 105],
[91, 96],
[91, 105],
[92, 94],
[92, 95],
[92, 96],
[92, 103],
[92, 105],
[92, 147],
[93, 95],
[93, 103],
[93, 104],
[93, 105],
[93, 147],
[94, 105],
[95, 103],
[95, 105],
[96, 105],
[106, 109],
[106, 110],
[106, 112],
[106, 116],
[106, 117],
[106, 118],
[106, 119],
[106, 120],
[106, 121],
[106, 122],
[106, 124],
[106, 125],
[106, 126],
[106, 130],
[106, 131],
[106, 132],
[106, 133],
[106, 134],
[106, 136],
[106, 137],
[106, 139],
[106, 140],
[106, 142],
[106, 143],
[106, 145],
[106, 148],
[106, 150],
[106, 151],
[106, 152],
[106, 159],
[106, 161],
[106, 165],
[106, 166],
[106, 167],
[106, 168],
[106, 169],
[106, 171],
[106, 172],
[106, 173],
[107, 109],
[107, 110],
[107, 111],
[107, 112],
[107, 113],
[107, 114],
[107, 115],
[107, 117],
[107, 118],
[107, 120],
[107, 122],
[107, 123],
[107, 125],
[107, 127],
[107, 128],
[107, 129],
[107, 130],
[107, 131],
[107, 132],
[107, 135],
[107, 136],
[107, 138],
[107, 139],
[107, 142],
[107, 143],
[107, 144],
[107, 146],
[107, 147],
[107, 155],
[107, 156],
[107, 158],
[107, 159],
[107, 160],
[107, 164],
[107, 166],
[107, 167],
[107, 169],
[107, 171],
[107, 172],
[107, 173],
[108, 109],
[108, 111],
[108, 112],
[108, 116],
[108, 117],
[108, 119],
[108, 121],
[108, 124],
[108, 126],
[108, 127],
[108, 129],
[108, 130],
[108, 131],
[108, 133],
[108, 134],
[108, 137],
[108, 140],
[108, 141],
[108, 143],
[108, 145],
[108, 146],
[108, 148],
[108, 149],
[108, 150],
[108, 151],
[108, 152],
[108, 153],
[108, 154],
[108, 156],
[108, 157],
[108, 158],
[108, 161],
[108, 162],
[108, 163],
[108, 164],
[108, 165],
[108, 168],
[108, 171],
[109, 112],
[109, 118],
[109, 119],
[109, 120],
[109, 121],
[109, 123],
[109, 124],
[109, 126],
[109, 127],
[109, 130],
[109, 131],
[109, 132],
[109, 133],
[109, 137],
[109, 138],
[109, 139],
[109, 140],
[109, 144],
[109, 145],
[109, 149],
[109, 151],
[109, 153],
[109, 154],
[109, 155],
[109, 156],
[109, 157],
[109, 158],
[109, 159],
[109, 160],
[109, 161],
[109, 162],
[109, 163],
[109, 164],
[109, 165],
[109, 167],
[109, 173],
[110, 112],
[110, 114],
[110, 115],
[110, 119],
[110, 120],
[110, 124],
[110, 126],
[110, 127],
[110, 131],
[110, 132],
[110, 133],
[110, 136],
[110, 137],
[110, 138],
[110, 140],
[110, 141],
[110, 142],
[110, 143],
[110, 144],
[110, 145],
[110, 146],
[110, 148],
[110, 149],
[110, 150],
[110, 152],
[110, 153],
[110, 154],
[110, 156],
[110, 158],
[110, 159],
[110, 160],
[110, 161],
[110, 162],
[110, 163],
[110, 164],
[110, 165],
[110, 167],
[110, 168],
[110, 170],
[110, 171],
[110, 172],
[110, 173],
[111, 112],
[111, 113],
[111, 115],
[111, 116],
[111, 121],
[111, 126],
[111, 128],
[111, 134],
[111, 135],
[111, 138],
[111, 141],
[111, 142],
[111, 144],
[111, 146],
[111, 148],
[111, 150],
[111, 151],
[111, 157],
[111, 160],
[111, 167],
[111, 168],
[111, 170],
[111, 171],
[112, 115],
[112, 116],
[112, 119],
[112, 120],
[112, 123],
[112, 124],
[112, 126],
[112, 127],
[112, 128],
[112, 129],
[112, 134],
[112, 135],
[112, 136],
[112, 138],
[112, 140],
[112, 144],
[112, 145],
[112, 147],
[112, 148],
[112, 149],
[112, 150],
[112, 151],
[112, 155],
[112, 157],
[112, 158],
[112, 160],
[112, 161],
[112, 162],
[112, 163],
[112, 167],
[112, 172],
[112, 173],
[113, 118],
[113, 120],
[113, 123],
[113, 124],
[113, 125],
[113, 127],
[113, 130],
[113, 132],
[113, 133],
[113, 135],
[113, 136],
[113, 137],
[113, 138],
[113, 140],
[113, 141],
[113, 144],
[113, 148],
[113, 150],
[113, 151],
[113, 157],
[113, 159],
[113, 160],
[113, 161],
[113, 162],
[113, 165],
[113, 167],
[113, 170],
[113, 172],
[113, 173],
[114, 115],
[114, 116],
[114, 119],
[114, 121],
[114, 126],
[114, 130],
[114, 131],
[114, 132],
[114, 134],
[114, 135],
[114, 138],
[114, 141],
[114, 142],
[114, 144],
[114, 145],
[114, 147],
[114, 148],
[114, 150],
[114, 151],
[114, 159],
[114, 160],
[114, 167],
[114, 168],
[114, 170],
[114, 172],
[115, 119],
[115, 120],
[115, 121],
[115, 123],
[115, 124],
[115, 126],
[115, 127],
[115, 129],
[115, 131],
[115, 132],
[115, 134],
[115, 135],
[115, 138],
[115, 140],
[115, 141],
[115, 143],
[115, 144],
[115, 145],
[115, 147],
[115, 148],
[115, 151],
[115, 157],
[115, 159],
[115, 161],
[115, 164],
[115, 167],
[115, 170],
[115, 172],
[116, 119],
[116, 120],
[116, 124],
[116, 125],
[116, 127],
[116, 129],
[116, 130],
[116, 131],
[116, 132],
[116, 133],
[116, 136],
[116, 137],
[116, 138],
[116, 140],
[116, 143],
[116, 147],
[116, 148],
[116, 149],
[116, 150],
[116, 153],
[116, 154],
[116, 156],
[116, 158],
[116, 159],
[116, 160],
[116, 161],
[116, 162],
[116, 163],
[116, 164],
[116, 165],
[116, 167],
[116, 168],
[116, 170],
[116, 172],
[116, 173],
[117, 119],
[117, 120],
[117, 126],
[117, 127],
[117, 130],
[117, 131],
[117, 132],
[117, 133],
[117, 134],
[117, 136],
[117, 137],
[117, 138],
[117, 144],
[117, 145],
[117, 148],
[117, 149],
[117, 150],
[117, 151],
[117, 157],
[117, 158],
[117, 159],
[117, 160],
[117, 161],
[117, 162],
[117, 163],
[117, 167],
[117, 168],
[117, 170],
[117, 173],
[118, 120],
[118, 121],
[118, 124],
[118, 125],
[118, 126],
[118, 130],
[118, 131],
[118, 134],
[118, 136],
[118, 139],
[118, 140],
[118, 141],
[118, 149],
[118, 150],
[118, 151],
[118, 152],
[118, 153],
[118, 154],
[118, 155],
[118, 156],
[118, 157],
[118, 159],
[118, 160],
[118, 163],
[118, 164],
[118, 165],
[118, 168],
[119, 120],
[119, 124],
[119, 126],
[119, 127],
[119, 128],
[119, 129],
[119, 132],
[119, 133],
[119, 134],
[119, 135],
[119, 136],
[119, 137],
[119, 138],
[119, 139],
[119, 140],
[119, 142],
[119, 143],
[119, 144],
[119, 145],
[119, 146],
[119, 147],
[119, 149],
[119, 151],
[119, 152],
[119, 153],
[119, 154],
[119, 156],
[119, 157],
[119, 158],
[119, 162],
[119, 163],
[119, 164],
[119, 165],
[119, 167],
[119, 168],
[119, 169],
[119, 170],
[119, 171],
[120, 125],
[120, 126],
[120, 129],
[120, 131],
[120, 132],
[120, 133],
[120, 134],
[120, 135],
[120, 137],
[120, 138],
[120, 139],
[120, 141],
[120, 142],
[120, 144],
[120, 145],
[120, 146],
[120, 147],
[120, 149],
[120, 151],
[120, 152],
[120, 153],
[120, 154],
[120, 155],
[120, 156],
[120, 158],
[120, 159],
[120, 160],
[120, 161],
[120, 162],
[120, 163],
[120, 168],
[120, 173],
[121, 122],
[121, 123],
[121, 124],
[121, 125],
[121, 126],
[121, 128],
[121, 130],
[121, 133],
[121, 134],
[121, 137],
[121, 139],
[121, 140],
[121, 141],
[121, 143],
[121, 149],
[121, 153],
[121, 154],
[121, 155],
[121, 156],
[121, 157],
[121, 163],
[121, 164],
[121, 165],
[121, 166],
[121, 167],
[121, 169],
[121, 170],
[121, 171],
[121, 172],
[122, 125],
[122, 126],
[122, 127],
[122, 133],
[122, 134],
[122, 136],
[122, 137],
[122, 139],
[122, 148],
[122, 150],
[122, 151],
[122, 156],
[122, 157],
[122, 159],
[122, 161],
[122, 163],
[122, 168],
[123, 127],
[123, 131],
[123, 135],
[123, 136],
[123, 140],
[123, 141],
[123, 142],
[123, 146],
[123, 148],
[123, 150],
[123, 151],
[123, 152],
[123, 157],
[123, 159],
[123, 160],
[123, 161],
[123, 164],
[123, 165],
[123, 166],
[123, 167],
[123, 169],
[124, 125],
[124, 126],
[124, 131],
[124, 133],
[124, 134],
[124, 135],
[124, 137],
[124, 138],
[124, 139],
[124, 141],
[124, 142],
[124, 144],
[124, 145],
[124, 146],
[124, 149],
[124, 151],
[124, 152],
[124, 153],
[124, 154],
[124, 155],
[124, 156],
[124, 158],
[124, 160],
[124, 162],
[124, 163],
[124, 165],
[124, 166],
[124, 167],
[124, 169],
[124, 170],
[124, 173],
[125, 134],
[125, 135],
[125, 136],
[125, 137],
[125, 138],
[125, 140],
[125, 145],
[125, 148],
[125, 150],
[125, 151],
[125, 154],
[125, 155],
[125, 157],
[125, 159],
[125, 161],
[125, 162],
[125, 163],
[125, 164],
[125, 166],
[125, 169],
[126, 128],
[126, 129],
[126, 131],
[126, 136],
[126, 139],
[126, 140],
[126, 141],
[126, 142],
[126, 143],
[126, 144],
[126, 146],
[126, 147],
[126, 149],
[126, 150],
[126, 152],
[126, 153],
[126, 154],
[126, 155],
[126, 156],
[126, 158],
[126, 159],
[126, 160],
[126, 161],
[126, 162],
[126, 163],
[126, 164],
[126, 166],
[126, 167],
[126, 168],
[126, 170],
[126, 171],
[126, 173],
[127, 129],
[127, 131],
[127, 132],
[127, 133],
[127, 134],
[127, 135],
[127, 137],
[127, 138],
[127, 139],
[127, 140],
[127, 141],
[127, 142],
[127, 144],
[127, 145],
[127, 146],
[127, 147],
[127, 149],
[127, 151],
[127, 152],
[127, 153],
[127, 156],
[127, 158],
[127, 160],
[127, 166],
[127, 168],
[127, 169],
[127, 170],
[127, 173],
[128, 131],
[128, 132],
[128, 133],
[128, 135],
[128, 136],
[128, 137],
[128, 138],
[128, 141],
[128, 142],
[128, 144],
[128, 145],
[128, 148],
[128, 150],
[128, 157],
[128, 159],
[128, 160],
[128, 161],
[128, 165],
[128, 167],
[128, 168],
[128, 170],
[128, 172],
[129, 131],
[129, 132],
[129, 134],
[129, 135],
[129, 136],
[129, 138],
[129, 141],
[129, 142],
[129, 144],
[129, 145],
[129, 148],
[129, 150],
[129, 151],
[129, 157],
[129, 159],
[129, 160],
[129, 161],
[129, 162],
[129, 167],
[129, 168],
[129, 170],
[129, 171],
[129, 173],
[130, 142],
[130, 143],
[130, 146],
[130, 148],
[130, 149],
[130, 150],
[130, 152],
[130, 157],
[130, 158],
[130, 159],
[130, 160],
[130, 161],
[130, 162],
[130, 163],
[130, 167],
[130, 168],
[130, 169],
[130, 170],
[130, 171],
[130, 173],
[131, 134],
[131, 135],
[131, 136],
[131, 138],
[131, 140],
[131, 142],
[131, 143],
[131, 144],
[131, 145],
[131, 147],
[131, 148],
[131, 149],
[131, 150],
[131, 151],
[131, 152],
[131, 157],
[131, 158],
[131, 159],
[131, 160],
[131, 161],
[131, 162],
[131, 163],
[131, 169],
[131, 170],
[131, 171],
[131, 173],
[132, 135],
[132, 136],
[132, 138],
[132, 142],
[132, 143],
[132, 144],
[132, 145],
[132, 147],
[132, 148],
[132, 149],
[132, 150],
[132, 151],
[132, 152],
[132, 155],
[132, 157],
[132, 158],
[132, 159],
[132, 160],
[132, 161],
[132, 162],
[132, 163],
[132, 167],
[132, 168],
[132, 169],
[132, 170],
[132, 171],
[132, 172],
[132, 173],
[133, 138],
[133, 140],
[133, 141],
[133, 142],
[133, 143],
[133, 144],
[133, 145],
[133, 148],
[133, 149],
[133, 150],
[133, 152],
[133, 153],
[133, 154],
[133, 157],
[133, 161],
[133, 162],
[133, 163],
[133, 164],
[133, 166],
[133, 168],
[133, 169],
[133, 170],
[133, 171],
[134, 136],
[134, 138],
[134, 139],
[134, 140],
[134, 141],
[134, 143],
[134, 144],
[134, 146],
[134, 147],
[134, 149],
[134, 150],
[134, 152],
[134, 153],
[134, 154],
[134, 156],
[134, 158],
[134, 159],
[134, 160],
[134, 162],
[134, 163],
[134, 164],
[134, 166],
[134, 168],
[134, 169],
[134, 170],
[134, 171],
[134, 172],
[134, 173],
[135, 136],
[135, 140],
[135, 141],
[135, 146],
[135, 147],
[135, 148],
[135, 157],
[135, 159],
[135, 160],
[135, 161],
[135, 162],
[135, 164],
[135, 165],
[135, 167],
[135, 169],
[135, 170],
[135, 171],
[135, 172],
[135, 173],
[136, 139],
[136, 140],
[136, 142],
[136, 145],
[136, 146],
[136, 147],
[136, 148],
[136, 150],
[136, 152],
[136, 154],
[136, 155],
[136, 156],
[136, 157],
[136, 159],
[136, 160],
[136, 161],
[136, 162],
[136, 163],
[136, 165],
[136, 168],
[136, 169],
[136, 171],
[136, 173],
[137, 140],
[137, 141],
[137, 142],
[137, 143],
[137, 144],
[137, 146],
[137, 148],
[137, 149],
[137, 150],
[137, 152],
[137, 153],
[137, 154],
[137, 157],
[137, 161],
[137, 162],
[137, 163],
[137, 164],
[137, 166],
[137, 168],
[137, 169],
[137, 170],
[137, 171],
[138, 142],
[138, 143],
[138, 146],
[138, 147],
[138, 148],
[138, 150],
[138, 157],
[138, 159],
[138, 160],
[138, 161],
[138, 162],
[138, 164],
[138, 165],
[138, 166],
[138, 168],
[138, 169],
[138, 171],
[138, 172],
[138, 173],
[139, 141],
[139, 149],
[139, 150],
[139, 151],
[139, 152],
[139, 153],
[139, 154],
[139, 157],
[139, 158],
[139, 159],
[139, 160],
[139, 161],
[139, 162],
[139, 163],
[139, 165],
[139, 166],
[139, 168],
[139, 173],
[140, 141],
[140, 142],
[140, 145],
[140, 146],
[140, 149],
[140, 150],
[140, 151],
[140, 152],
[140, 153],
[140, 154],
[140, 155],
[140, 156],
[140, 158],
[140, 159],
[140, 160],
[140, 161],
[140, 162],
[140, 167],
[140, 169],
[140, 170],
[140, 173],
[141, 144],
[141, 145],
[141, 146],
[141, 147],
[141, 150],
[141, 151],
[141, 152],
[141, 153],
[141, 154],
[141, 155],
[141, 156],
[141, 159],
[141, 160],
[141, 161],
[141, 164],
[141, 165],
[141, 172],
[142, 144],
[142, 147],
[142, 148],
[142, 149],
[142, 157],
[142, 158],
[142, 159],
[142, 160],
[142, 161],
[142, 162],
[142, 163],
[142, 164],
[142, 165],
[142, 167],
[142, 170],
[142, 172],
[142, 173],
[143, 144],
[143, 145],
[143, 147],
[143, 148],
[143, 149],
[143, 150],
[143, 151],
[143, 155],
[143, 157],
[143, 158],
[143, 159],
[143, 160],
[143, 162],
[143, 163],
[143, 167],
[143, 168],
[143, 173],
[144, 146],
[144, 147],
[144, 148],
[144, 157],
[144, 159],
[144, 160],
[144, 161],
[144, 162],
[144, 164],
[144, 165],
[144, 166],
[144, 168],
[144, 169],
[144, 171],
[144, 172],
[144, 173],
[145, 147],
[145, 148],
[145, 149],
[145, 150],
[145, 152],
[145, 153],
[145, 154],
[145, 156],
[145, 158],
[145, 159],
[145, 160],
[145, 161],
[145, 162],
[145, 163],
[145, 164],
[145, 165],
[145, 168],
[145, 169],
[145, 170],
[145, 171],
[145, 173],
[146, 148],
[146, 150],
[146, 151],
[146, 157],
[146, 160],
[146, 161],
[146, 162],
[146, 163],
[146, 167],
[146, 170],
[146, 172],
[146, 173],
[147, 148],
[147, 150],
[147, 151],
[147, 152],
[147, 157],
[147, 159],
[147, 160],
[147, 161],
[147, 162],
[147, 167],
[147, 168],
[147, 170],
[147, 171],
[147, 172],
[147, 173],
[148, 155],
[148, 158],
[148, 166],
[148, 167],
[148, 169],
[148, 170],
[148, 171],
[148, 172],
[149, 150],
[149, 151],
[149, 152],
[149, 155],
[149, 156],
[149, 159],
[149, 160],
[149, 161],
[149, 164],
[149, 165],
[149, 167],
[149, 168],
[149, 169],
[149, 170],
[149, 171],
[149, 173],
[150, 153],
[150, 154],
[150, 155],
[150, 156],
[150, 158],
[150, 162],
[150, 163],
[150, 165],
[150, 166],
[150, 167],
[150, 169],
[150, 170],
[150, 171],
[150, 172],
[150, 173],
[151, 153],
[151, 154],
[151, 156],
[151, 158],
[151, 159],
[151, 160],
[151, 161],
[151, 162],
[151, 163],
[151, 164],
[151, 166],
[151, 167],
[151, 170],
[151, 172],
[151, 173],
[152, 153],
[152, 154],
[152, 156],
[152, 157],
[152, 159],
[152, 161],
[152, 162],
[152, 163],
[152, 164],
[152, 165],
[152, 167],
[152, 170],
[152, 173],
[153, 159],
[153, 160],
[153, 161],
[153, 162],
[153, 164],
[153, 165],
[153, 168],
[153, 170],
[153, 173],
[154, 156],
[154, 158],
[154, 159],
[154, 160],
[154, 161],
[154, 164],
[154, 165],
[154, 168],
[154, 170],
[154, 173],
[155, 156],
[155, 157],
[155, 158],
[155, 159],
[155, 161],
[155, 164],
[155, 165],
[155, 171],
[155, 172],
[155, 173],
[156, 159],
[156, 160],
[156, 161],
[156, 162],
[156, 165],
[156, 166],
[156, 168],
[156, 170],
[156, 173],
[157, 160],
[157, 166],
[157, 167],
[157, 169],
[157, 170],
[157, 171],
[157, 173],
[158, 159],
[158, 161],
[158, 162],
[158, 164],
[158, 165],
[158, 167],
[158, 168],
[158, 169],
[158, 171],
[158, 172],
[158, 173],
[159, 162],
[159, 164],
[159, 165],
[159, 168],
[159, 169],
[159, 170],
[159, 171],
[159, 173],
[160, 161],
[160, 162],
[160, 163],
[160, 164],
[160, 165],
[160, 167],
[160, 169],
[160, 171],
[160, 172],
[160, 173],
[161, 166],
[161, 167],
[161, 169],
[161, 170],
[161, 173],
[162, 164],
[162, 165],
[162, 167],
[162, 168],
[162, 169],
[162, 170],
[162, 171],
[163, 165],
[163, 166],
[163, 167],
[163, 168],
[163, 169],
[163, 171],
[163, 172],
[163, 173],
[164, 168],
[164, 170],
[164, 173],
[165, 168],
[165, 169],
[165, 170],
[165, 171],
[165, 173],
[166, 168],
[167, 170],
[167, 171],
[167, 173],
[168, 170],
[168, 171],
[168, 172],
[168, 173],
[169, 170],
[169, 172],
[169, 173],
[170, 173],
[171, 173],
];
original_pcis = [54, 55, 56, 108, 109, 110, 97, 98, 123, 63, 64, 65, 84, 85, 86, 69, 70, 71, 6, 7, 8, 192, 193, 194, 195, 196, 197, 222, 223, 224, 225, 226, 227, 228, 229, 230, 231, 232, 233, 229, 405, 35, 15, 16, 17, 314, 312, 313, 200, 199, 198, 156, 157, 443, 51, 55, 389, 326, 90, 325, 411, 42, 25, 128, 187, 188, 165, 167, 460, 211, 212, 276, 248, 184, 357, 279, 209, 265, 266, 264, 316, 315, 317, 434, 433, 432, 471, 472, 473, 467, 322, 201, 108, 235, 418, 417, 458, 75, 77, 76, 80, 78, 79, 429, 431, 430, 95, 93, 94, 354, 430, 356, 178, 179, 177, 477, 325, 326, 48, 49, 173, 172, 327, 328, 41, 5, 303, 304, 211, 24, 78, 61, 143, 29, 472, 27, 58, 57, 59, 16, 17, 276, 251, 25, 100, 99, 144, 145, 0, 1, 221, 10, 219, 417, 418, 473, 336, 337, 338, 439, 284, 331, 332, 330, 42, 43, 44, 474, 475, 476, 261, 263, 262, 50];
cp_solver_time = 0.5744729;
feasible_solution = [452, 469, 448, 462, 456, 471, 477, 476, 474, 475, 464, 458, 468, 461, 459, 460, 463, 457, 467, 470, 450, 446, 466, 465, 473, 453, 472, 465, 449, 454, 443, 475, 473, 477, 444, 474, 459, 471, 464, 462, 463, 464, 458, 476, 477, 473, 456, 459, 477, 459, 469, 473, 454, 452, 462, 461, 471, 470, 468, 463, 477, 460, 473, 476, 464, 474, 456, 465, 457, 472, 455, 476, 474, 476, 463, 467, 466, 474, 465, 471, 466, 475, 461, 468, 470, 477, 458, 469, 460, 470, 468, 345, 472, 476, 476, 467, 457, 475, 474, 467, 466, 472, 473, 469, 474, 454, 399, 435, 470, 448, 456, 461, 463, 472, 462, 343, 438, 469, 470, 461, 465, 446, 470, 477, 462, 475, 444, 460, 460, 458, 468, 455, 441, 459, 473, 468, 474, 471, 477, 468, 449, 451, 453, 439, 470, 457, 454, 475, 466, 472, 440, 450, 452, 475, 463, 473, 477, 476, 452, 471, 443, 467, 442, 458, 464, 469, 472, 470, 447, 445, 474, 467, 476, 436];
num_inter_technology_neighbors = 0;
inter_technology_neighbors = [];
