instance_name pci_055_n0210_full
instance_group full
min_allowed_pci 0
max_allowed_pci 1007
module_k 4
num_nodes 210
num_top_neighbors 191
0 3
0 148
1 3
1 167
2 166
2 168
4 10
4 11
5 12
5 168
6 7
6 8
7 181
8 180
9 11
9 17
12 148
13 150
13 178
14 109
14 176
15 18
15 101
16 56
16 100
17 18
19 25
19 48
20 122
20 198
21 37
21 205
22 127
22 158
23 24
24 97
25 140
26 128
26 199
27 81
27 140
28 68
29 61
31 138
31 170
33 139
33 172
34 144
35 160
35 187
36 195
36 197
37 205
38 188
39 136
39 164
40 106
41 71
41 95
42 175
42 176
43 44
43 111
44 185
45 98
46 47
46 105
47 93
48 120
49 95
49 145
50 83
50 171
51 94
51 202
52 101
52 197
54 64
54 190
55 111
55 112
56 177
58 59
58 114
59 94
60 70
60 177
61 62
63 141
63 194
64 66
65 161
65 186
66 69
67 68
69 158
70 112
71 127
72 86
72 195
73 132
73 169
74 139
74 173
75 172
75 174
77 79
77 174
78 81
78 83
79 80
80 173
82 145
84 134
84 199
85 107
86 196
87 107
87 185
88 90
88 184
89 92
89 117
90 92
91 93
91 184
96 202
97 98
100 175
102 110
102 115
103 104
103 105
106 118
109 136
110 137
113 114
115 207
116 117
116 162
118 119
119 120
121 123
121 204
122 198
123 162
124 190
124 209
125 155
126 187
126 191
128 129
129 206
130 141
130 192
131 194
132 170
134 138
135 189
135 209
137 160
142 143
142 144
143 201
147 200
147 203
149 167
149 182
151 152
151 153
152 153
154 156
154 165
155 191
156 193
157 159
157 161
159 163
163 165
164 189
166 178
169 171
179 180
181 183
182 183
186 206
188 196
192 193
200 204
201 203
207 208
num_regular_neighbors 1389
0 1
0 2
0 5
0 7
0 9
0 12
0 151
0 166
1 2
1 5
1 7
1 11
1 13
1 148
1 149
1 151
1 152
1 153
1 166
2 6
2 7
2 12
2 13
2 148
2 149
2 150
2 153
2 178
2 183
3 4
3 5
3 9
3 11
3 17
3 105
3 148
3 166
4 5
4 9
5 6
5 11
5 13
5 148
5 149
5 150
5 152
5 153
5 166
5 167
6 13
6 149
6 150
6 166
6 168
6 178
6 180
6 181
6 183
7 8
7 13
7 148
7 149
7 150
7 152
7 166
7 167
7 168
7 178
7 182
7 183
8 13
8 168
8 179
8 181
8 182
8 183
9 10
11 167
12 13
12 150
12 166
12 178
13 148
13 149
13 152
13 166
13 167
13 168
13 180
13 181
13 182
13 183
14 15
14 16
14 41
14 42
14 56
14 60
14 70
14 91
14 100
14 101
14 110
14 112
14 113
14 114
14 142
14 143
14 175
14 177
14 201
14 203
15 16
15 34
15 35
15 36
15 60
15 72
15 85
15 87
15 91
15 100
15 102
15 106
15 107
15 110
15 111
15 115
15 118
15 119
15 121
15 122
15 123
15 135
15 142
15 143
15 144
15 154
15 177
15 189
15 195
15 200
15 203
15 209
16 55
16 57
16 109
16 110
16 111
16 112
16 142
16 177
17 19
17 46
17 55
17 111
17 118
17 183
18 19
18 56
18 57
18 91
18 106
18 107
18 108
18 110
18 111
18 118
18 119
18 120
18 121
19 24
19 43
19 44
19 45
19 46
19 47
19 55
19 90
19 91
19 93
19 108
19 111
19 117
19 118
19 120
20 21
20 22
20 26
20 41
20 42
20 49
20 50
20 52
20 58
20 59
20 70
20 71
20 84
20 94
20 96
20 112
20 113
20 127
20 145
20 147
20 187
20 188
20 199
20 201
20 202
20 203
21 22
21 26
21 28
21 33
21 50
21 51
21 71
21 82
21 84
21 127
21 128
21 134
21 140
21 188
21 199
22 37
22 38
22 64
22 65
22 66
22 67
22 68
22 129
22 157
22 159
22 161
22 163
22 164
22 186
22 188
22 189
22 196
22 204
22 205
22 206
23 25
24 25
24 43
24 45
24 46
24 48
24 93
24 98
24 111
24 118
24 120
25 45
25 48
25 97
25 98
25 99
26 27
26 28
26 33
26 42
26 50
26 51
26 71
26 75
26 82
26 83
26 84
26 127
26 134
26 138
26 139
26 140
26 146
26 147
26 172
27 28
27 50
27 78
27 132
27 133
27 139
27 174
28 128
28 140
28 158
29 106
29 121
30 91
30 107
30 120
31 32
31 33
31 50
31 73
31 82
31 145
31 169
32 33
32 73
32 169
32 170
32 171
33 50
33 73
33 74
33 75
33 76
33 78
33 79
33 81
33 82
33 83
33 84
33 132
33 134
33 138
33 169
33 171
33 173
34 35
34 36
34 91
34 102
34 106
34 110
34 115
34 118
34 121
34 123
34 195
35 36
35 52
35 72
35 86
35 122
35 123
35 190
35 195
35 196
35 197
35 200
35 204
35 207
35 209
36 52
36 85
36 86
36 91
36 102
36 107
36 115
36 123
36 160
37 38
37 39
37 67
37 68
37 69
37 127
37 128
37 129
37 157
37 158
37 159
37 206
38 39
38 68
38 69
38 129
38 158
38 206
39 65
39 66
39 67
39 69
39 129
39 157
39 159
39 160
39 161
39 162
39 163
39 165
39 186
39 189
39 206
40 41
40 42
40 49
40 50
40 145
40 176
40 202
41 42
41 49
41 51
41 58
41 94
41 113
41 145
41 147
41 176
41 177
41 201
41 202
41 203
42 49
42 56
42 58
42 94
42 112
42 201
43 45
43 46
43 47
43 48
43 88
43 93
43 120
43 184
44 45
44 47
44 48
44 61
44 87
44 88
44 89
44 90
44 91
44 92
44 93
44 98
44 102
44 107
44 117
44 120
44 184
44 194
45 48
45 115
45 117
45 120
46 48
46 111
46 183
47 48
47 88
47 92
47 117
47 120
48 97
48 98
48 111
48 115
48 117
49 50
49 51
49 58
49 82
49 94
49 112
49 143
49 147
49 176
49 201
49 202
50 51
50 71
50 73
50 74
50 75
50 78
50 82
50 84
50 113
50 127
50 132
50 133
50 138
50 139
50 145
50 146
50 170
50 172
50 173
51 84
51 95
51 128
51 138
51 145
51 146
51 147
51 199
52 59
52 60
52 70
52 71
52 72
52 86
52 115
52 122
52 123
52 127
52 135
52 143
52 144
52 147
52 186
52 187
52 188
52 195
52 196
52 198
52 199
52 200
52 203
52 204
52 207
53 127
53 188
53 205
54 204
54 208
55 56
55 57
55 100
55 118
55 142
55 175
56 57
56 60
56 70
56 101
56 109
56 112
56 113
56 142
56 143
56 175
56 176
56 201
56 202
57 100
57 109
57 110
57 111
57 118
58 60
58 70
58 94
58 112
58 113
58 143
58 176
58 177
58 201
58 202
58 203
59 60
59 70
59 71
59 72
59 101
59 122
59 143
59 147
59 187
59 198
59 199
59 200
59 202
59 203
60 101
60 102
60 110
60 112
60 114
60 121
60 142
60 143
60 144
60 198
60 201
60 203
60 204
61 63
61 87
61 88
61 89
61 92
61 107
61 117
61 185
62 63
62 116
62 117
62 141
63 87
63 89
63 116
63 117
63 130
63 162
63 184
63 185
64 65
64 161
64 163
64 165
64 186
64 189
64 204
65 66
65 129
65 157
65 159
65 163
65 165
65 189
65 204
65 206
66 136
66 157
66 159
66 161
66 163
66 164
66 165
66 186
66 189
66 204
66 206
67 69
67 127
67 129
67 157
67 158
67 188
67 204
67 205
67 206
68 69
68 128
68 129
68 158
68 205
69 129
69 157
69 159
69 161
69 163
69 164
69 165
69 186
69 206
70 71
70 72
70 101
70 113
70 121
70 122
70 143
70 144
70 147
70 177
70 195
70 198
70 201
70 202
70 203
71 72
71 84
71 86
71 96
71 101
71 115
71 122
71 147
71 187
71 188
71 198
71 199
71 200
71 202
72 101
72 121
72 122
72 123
72 135
72 144
72 187
72 190
72 196
72 198
72 200
72 204
73 74
73 75
73 83
73 138
73 139
73 170
73 171
73 172
73 173
74 75
74 78
74 79
74 80
74 81
74 83
74 132
74 133
74 145
74 170
74 171
74 172
74 174
75 76
75 78
75 79
75 81
75 82
75 83
75 84
75 132
75 134
75 138
75 139
75 171
76 77
76 78
76 79
76 83
76 132
76 134
76 138
76 139
76 172
76 174
77 78
77 139
77 172
78 79
78 132
78 139
78 171
78 172
78 174
79 81
79 138
79 171
79 172
79 173
79 174
80 81
80 83
80 132
80 133
80 134
80 139
80 174
81 128
81 132
81 133
81 139
81 174
82 83
82 84
82 138
83 84
83 128
83 132
83 133
83 134
83 138
83 139
83 170
83 171
83 172
83 173
83 174
84 127
84 128
84 138
84 140
84 146
84 147
84 205
85 86
85 87
85 91
85 101
85 102
85 114
85 115
85 123
86 87
86 115
86 122
86 123
86 137
86 154
86 160
86 187
86 190
86 192
86 195
86 197
86 200
86 207
86 209
87 89
87 90
87 102
87 115
87 116
87 117
87 123
87 130
87 141
87 154
87 156
87 162
87 192
87 193
87 197
88 89
88 91
88 92
88 93
88 107
88 117
88 120
88 194
89 90
89 116
89 130
89 141
89 184
89 185
89 193
89 194
90 102
90 117
90 120
90 131
90 156
90 184
90 185
90 194
90 197
91 92
91 106
91 107
91 108
91 110
91 115
91 117
91 120
91 121
91 123
92 93
92 107
92 117
92 120
92 130
92 184
92 185
92 194
93 120
93 184
94 95
94 96
94 112
94 127
94 143
94 145
94 147
94 201
94 202
94 203
95 96
95 122
95 145
95 147
95 202
96 122
96 147
96 199
97 99
98 99
98 115
98 117
100 101
100 102
100 106
100 109
100 110
100 121
100 142
100 144
101 102
101 110
101 112
101 114
101 121
101 122
101 142
101 143
101 144
101 147
101 177
101 187
101 195
101 198
101 199
101 202
101 203
102 106
102 107
102 117
102 120
102 121
102 123
102 144
102 195
102 203
104 105
106 107
106 108
106 110
106 111
106 115
106 119
106 121
106 194
107 108
107 117
107 120
107 123
108 111
108 118
108 119
108 120
109 110
109 111
109 142
109 175
109 177
110 111
110 114
110 116
110 121
110 122
110 123
110 142
110 143
110 197
110 200
110 203
110 209
111 118
111 119
111 121
112 113
112 114
112 142
112 143
112 175
112 176
112 177
112 201
112 203
113 147
113 176
113 201
113 202
113 203
114 115
114 143
114 176
114 177
114 201
114 203
115 116
115 117
115 121
115 122
115 123
115 141
115 154
115 160
115 161
115 187
115 190
115 192
115 193
115 195
115 196
115 197
115 198
115 200
116 130
116 131
116 141
116 154
116 155
116 156
116 185
116 192
116 193
116 194
117 120
117 121
117 123
117 130
117 131
117 141
117 154
117 156
117 184
117 185
117 193
117 194
118 120
118 121
120 184
121 122
121 144
121 154
121 195
121 203
122 123
122 135
122 143
122 144
122 147
122 154
122 187
122 195
122 196
122 199
122 200
122 202
122 203
122 204
123 137
123 154
123 160
123 195
123 196
123 197
123 209
124 125
124 126
124 137
124 160
124 162
124 189
124 191
124 197
125 126
125 129
125 160
125 161
125 162
125 165
125 191
126 154
126 155
126 162
126 192
127 128
127 129
127 140
127 147
127 157
127 188
127 198
127 199
127 202
127 203
127 205
128 133
128 140
128 158
128 161
128 199
128 205
129 157
129 158
129 159
129 161
129 163
129 164
129 165
129 186
129 205
130 131
130 154
130 156
130 185
130 193
130 194
131 156
131 184
132 133
132 134
132 138
132 139
132 171
132 172
132 173
132 174
133 134
133 139
134 139
134 140
134 145
134 172
135 136
135 137
135 160
135 161
135 187
135 190
135 195
135 196
135 200
135 204
135 207
135 208
136 137
136 160
136 161
136 165
136 186
136 189
136 190
136 200
136 204
136 206
137 161
137 162
137 165
137 189
137 190
137 196
137 197
137 209
138 139
138 140
138 146
138 171
138 172
139 140
139 170
139 171
139 172
139 173
139 174
140 158
141 156
141 162
141 185
141 192
141 193
142 175
142 177
142 201
143 144
143 177
143 198
143 202
143 203
144 195
144 203
145 146
145 147
145 202
146 147
147 196
147 198
147 199
147 202
148 149
148 150
148 151
148 153
148 166
149 150
149 151
149 153
149 166
149 168
149 181
150 166
150 168
150 178
150 183
151 166
152 166
153 166
153 181
154 155
154 162
154 191
154 192
154 193
154 197
155 156
155 160
155 161
155 162
156 162
156 165
156 184
156 185
156 192
157 158
157 163
157 164
157 186
157 204
157 205
157 206
158 159
158 161
158 205
158 206
159 161
159 164
159 165
159 186
159 206
160 161
160 162
160 165
160 189
160 190
160 195
160 196
160 197
160 200
160 207
160 209
161 162
161 163
161 164
161 165
161 186
161 189
161 190
161 200
161 204
161 206
162 165
162 185
162 191
162 193
162 197
163 164
163 186
163 189
163 204
163 206
164 165
164 186
164 206
165 186
165 189
165 197
165 204
165 206
166 167
166 168
166 181
166 182
167 168
167 182
168 178
168 179
168 180
168 181
168 182
168 183
169 170
170 171
170 173
171 172
171 173
172 173
172 174
173 174
175 176
175 177
175 201
176 177
176 201
176 202
177 201
177 203
178 179
178 180
178 181
178 183
179 181
179 182
179 183
180 183
181 182
184 192
184 194
185 193
185 194
186 187
186 189
186 204
187 188
187 189
187 190
187 195
187 196
187 198
187 200
187 204
188 189
188 204
188 205
189 190
189 196
189 197
189 200
189 204
189 206
189 207
189 209
190 191
190 192
190 196
190 197
190 200
190 207
190 209
191 192
191 197
192 197
193 197
195 196
195 197
195 198
195 200
195 204
196 197
196 200
196 204
196 207
196 209
197 200
197 207
197 209
198 199
198 200
198 202
198 203
198 204
199 200
199 202
199 204
200 207
200 209
201 202
202 203
203 204
204 205
204 206
204 207
204 209
205 206
207 209
208 209
num_second_level_neighbors 4588
0 4
0 6
0 8
0 10
0 11
0 13
0 17
0 105
0 149
0 150
0 152
0 153
0 167
0 168
0 178
0 181
0 182
0 183
1 4
1 6
1 8
1 9
1 12
1 17
1 105
1 150
1 168
1 178
1 180
1 181
1 182
1 183
2 3
2 5
2 8
2 9
2 11
2 17
2 46
2 151
2 152
2 167
2 179
2 180
2 181
2 182
3 6
3 7
3 10
3 12
3 13
3 18
3 19
3 46
3 55
3 103
3 104
3 111
3 118
3 149
3 150
3 151
3 152
3 153
3 167
3 168
3 178
3 181
3 182
3 183
4 6
4 12
4 13
4 17
4 105
4 148
4 149
4 150
4 152
4 153
4 166
4 167
4 168
5 7
5 8
5 9
5 10
5 17
5 105
5 151
5 178
5 179
5 180
5 181
5 182
5 183
6 11
6 12
6 17
6 46
6 148
6 151
6 152
6 153
6 167
6 179
6 182
7 9
7 11
7 12
7 17
7 46
7 151
7 153
7 179
7 180
8 12
8 17
8 46
8 148
8 149
8 150
8 152
8 153
8 166
8 167
8 178
9 12
9 18
9 19
9 46
9 55
9 105
9 111
9 118
9 148
9 151
9 166
9 167
9 183
10 11
10 17
11 12
11 13
11 17
11 105
11 148
11 149
11 150
11 151
11 152
11 153
11 166
11 168
11 182
12 149
12 151
12 152
12 153
12 167
12 168
12 179
12 180
12 181
12 182
12 183
13 17
13 46
13 151
13 153
13 179
14 18
14 19
14 20
14 26
14 30
14 34
14 35
14 36
14 40
14 44
14 49
14 50
14 51
14 52
14 55
14 57
14 58
14 59
14 71
14 72
14 85
14 87
14 88
14 92
14 93
14 94
14 95
14 102
14 106
14 107
14 108
14 111
14 115
14 116
14 117
14 118
14 119
14 120
14 121
14 122
14 123
14 127
14 135
14 136
14 137
14 144
14 145
14 147
14 154
14 184
14 187
14 189
14 195
14 197
14 198
14 199
14 200
14 202
14 204
14 209
15 17
15 19
15 20
15 22
15 24
15 29
15 30
15 39
15 40
15 41
15 42
15 43
15 44
15 45
15 46
15 48
15 49
15 52
15 55
15 56
15 57
15 58
15 59
15 61
15 63
15 64
15 65
15 66
15 70
15 71
15 86
15 88
15 89
15 90
15 92
15 93
15 94
15 95
15 96
15 98
15 108
15 109
15 112
15 113
15 114
15 116
15 117
15 120
15 124
15 126
15 127
15 130
15 136
15 137
15 141
15 147
15 155
15 156
15 160
15 161
15 162
15 163
15 164
15 165
15 175
15 176
15 184
15 185
15 186
15 187
15 188
15 190
15 191
15 192
15 193
15 194
15 196
15 197
15 198
15 199
15 201
15 202
15 204
15 206
15 207
15 208
16 17
16 18
16 19
16 20
16 24
16 34
16 35
16 36
16 41
16 42
16 43
16 46
16 48
16 49
16 58
16 60
16 70
16 72
16 85
16 87
16 91
16 94
16 101
16 102
16 106
16 107
16 108
16 113
16 114
16 115
16 116
16 118
16 119
16 121
16 122
16 123
16 135
16 136
16 137
16 143
16 144
16 154
16 175
16 176
16 189
16 195
16 197
16 200
16 201
16 202
16 203
16 209
17 24
17 25
17 34
17 43
17 44
17 45
17 47
17 48
17 56
17 57
17 90
17 91
17 93
17 100
17 105
17 106
17 107
17 108
17 109
17 110
17 112
17 117
17 119
17 120
17 121
17 142
17 148
17 150
17 166
17 168
17 175
17 178
17 179
17 180
17 181
17 182
18 24
18 25
18 29
18 30
18 34
18 35
18 36
18 40
18 42
18 43
18 44
18 45
18 46
18 47
18 48
18 55
18 60
18 61
18 70
18 72
18 85
18 87
18 88
18 90
18 92
18 93
18 100
18 101
18 102
18 109
18 112
18 113
18 114
18 115
18 116
18 117
18 122
18 123
18 135
18 137
18 142
18 143
18 144
18 154
18 175
18 176
18 177
18 183
18 184
18 189
18 194
18 195
18 197
18 200
18 201
18 202
18 203
18 204
18 209
19 23
19 30
19 34
19 36
19 56
19 57
19 61
19 62
19 63
19 85
19 87
19 88
19 89
19 92
19 97
19 98
19 99
19 100
19 102
19 105
19 106
19 107
19 109
19 110
19 112
19 115
19 116
19 119
19 121
19 123
19 130
19 131
19 140
19 141
19 142
19 154
19 156
19 175
19 183
19 184
19 185
19 193
19 194
19 197
20 27
20 28
20 31
20 33
20 35
20 36
20 37
20 38
20 40
20 51
20 53
20 55
20 56
20 60
20 64
20 65
20 66
20 67
20 68
20 72
20 73
20 74
20 75
20 78
20 82
20 83
20 86
20 95
20 101
20 102
20 110
20 114
20 115
20 121
20 123
20 126
20 128
20 129
20 132
20 133
20 134
20 135
20 138
20 139
20 140
20 142
20 143
20 144
20 146
20 154
20 157
20 158
20 159
20 161
20 163
20 164
20 170
20 171
20 172
20 173
20 175
20 176
20 177
20 186
20 189
20 190
20 195
20 196
20 197
20 200
20 204
20 205
20 206
20 207
21 25
21 27
21 31
21 32
21 38
21 39
21 40
21 41
21 42
21 49
21 52
21 53
21 58
21 59
21 64
21 65
21 66
21 67
21 68
21 69
21 70
21 72
21 73
21 74
21 75
21 76
21 78
21 79
21 80
21 81
21 83
21 86
21 94
21 95
21 96
21 101
21 112
21 113
21 115
21 122
21 129
21 132
21 133
21 138
21 139
21 145
21 146
21 147
21 157
21 158
21 159
21 161
21 163
21 164
21 169
21 170
21 171
21 172
21 173
21 186
21 187
21 189
21 196
21 198
21 200
21 201
21 202
21 203
21 204
21 206
22 26
22 28
22 33
22 35
22 39
22 41
22 42
22 49
22 50
22 51
22 52
22 53
22 54
22 58
22 59
22 60
22 69
22 70
22 71
22 72
22 82
22 84
22 86
22 94
22 96
22 112
22 113
22 115
22 121
22 122
22 123
22 124
22 125
22 128
22 134
22 135
22 136
22 137
22 140
22 145
22 147
22 155
22 160
22 162
22 165
22 187
22 190
22 195
22 197
22 198
22 199
22 200
22 201
22 202
22 203
22 207
22 209
23 43
23 45
23 46
23 48
23 93
23 97
23 98
23 99
23 111
23 118
23 120
23 140
24 30
24 34
24 44
24 47
24 55
24 57
24 88
24 90
24 91
24 92
24 99
24 102
24 105
24 106
24 107
24 108
24 109
24 110
24 115
24 117
24 119
24 121
24 140
24 183
24 184
25 26
25 27
25 28
25 43
25 44
25 46
25 47
25 55
25 84
25 90
25 91
25 93
25 108
25 111
25 115
25 117
25 118
25 120
25 127
25 128
25 134
25 138
25 139
25 158
26 31
26 32
26 37
26 40
26 41
26 49
26 52
26 53
26 56
26 58
26 59
26 67
26 68
26 70
26 72
26 73
26 74
26 76
26 77
26 78
26 79
26 80
26 81
26 86
26 94
26 95
26 96
26 101
26 112
26 113
26 115
26 122
26 129
26 132
26 133
26 145
26 157
26 158
26 161
26 169
26 170
26 171
26 173
26 174
26 175
26 176
26 187
26 188
26 196
26 198
26 200
26 201
26 202
26 203
26 204
26 205
27 31
27 33
27 40
27 42
27 49
27 51
27 68
27 71
27 73
27 74
27 75
27 76
27 77
27 79
27 80
27 82
27 83
27 84
27 113
27 127
27 128
27 134
27 138
27 145
27 146
27 147
27 158
27 170
27 171
27 172
27 173
27 199
28 33
28 37
28 38
28 42
28 50
28 51
28 67
28 69
28 71
28 75
28 78
28 81
28 82
28 83
28 84
28 127
28 129
28 132
28 133
28 134
28 138
28 139
28 146
28 147
28 157
28 159
28 161
28 172
28 174
28 188
28 199
28 205
28 206
29 34
29 40
29 44
29 60
29 62
29 63
29 70
29 72
29 87
29 88
29 89
29 91
29 92
29 100
29 101
29 102
29 107
29 108
29 110
29 111
29 115
29 117
29 118
29 119
29 122
29 123
29 144
29 154
29 185
29 194
29 195
29 203
29 204
30 34
30 36
30 43
30 44
30 45
30 47
30 48
30 61
30 85
30 87
30 88
30 90
30 92
30 93
30 102
30 106
30 108
30 110
30 115
30 117
30 118
30 119
30 121
30 123
30 184
31 40
31 41
31 49
31 51
31 71
31 74
31 75
31 76
31 78
31 79
31 81
31 83
31 84
31 94
31 95
31 113
31 127
31 132
31 133
31 134
31 139
31 140
31 146
31 147
31 171
31 172
31 173
31 202
32 50
32 74
32 75
32 76
32 78
32 79
32 81
32 82
32 83
32 84
32 132
32 134
32 138
32 139
32 145
32 172
32 173
33 37
33 40
33 42
33 49
33 51
33 71
33 77
33 80
33 113
33 127
33 128
33 133
33 140
33 145
33 146
33 147
33 170
33 174
33 188
33 199
33 205
34 40
34 44
34 45
34 48
34 52
34 55
34 57
34 60
34 70
34 71
34 72
34 85
34 86
34 87
34 88
34 90
34 92
34 93
34 98
34 100
34 101
34 107
34 108
34 109
34 111
34 114
34 116
34 117
34 119
34 120
34 122
34 135
34 137
34 141
34 142
34 143
34 154
34 160
34 161
34 162
34 177
34 184
34 187
34 189
34 190
34 192
34 193
34 194
34 196
34 197
34 198
34 200
34 203
34 204
34 207
34 209
35 39
35 54
35 59
35 60
35 64
35 65
35 66
35 67
35 70
35 71
35 85
35 87
35 90
35 91
35 95
35 96
35 100
35 101
35 102
35 106
35 107
35 110
35 111
35 115
35 117
35 118
35 119
35 121
35 124
35 125
35 126
35 127
35 135
35 136
35 137
35 142
35 143
35 144
35 147
35 154
35 155
35 157
35 161
35 162
35 163
35 165
35 177
35 186
35 188
35 189
35 191
35 192
35 193
35 198
35 199
35 202
35 203
35 205
35 206
35 208
36 39
36 44
36 45
36 48
36 59
36 60
36 61
36 70
36 71
36 72
36 87
36 88
36 90
36 92
36 93
36 98
36 100
36 101
36 106
36 108
36 110
36 111
36 114
36 116
36 117
36 118
36 119
36 120
36 121
36 122
36 124
36 125
36 127
36 135
36 136
36 137
36 141
36 142
36 143
36 144
36 147
36 154
36 155
36 161
36 162
36 165
36 177
36 184
36 186
36 187
36 188
36 189
36 190
36 191
36 192
36 193
36 196
36 198
36 199
36 200
36 203
36 204
36 207
36 209
37 50
37 51
37 52
37 53
37 64
37 65
37 66
37 71
37 81
37 82
37 83
37 84
37 94
37 125
37 133
37 134
37 136
37 140
37 147
37 160
37 161
37 162
37 163
37 164
37 165
37 186
37 188
37 189
37 196
37 198
37 199
37 202
37 203
37 204
38 52
38 53
38 64
38 65
38 66
38 67
38 71
38 125
38 127
38 128
38 136
38 140
38 157
38 159
38 160
38 161
38 162
38 163
38 164
38 165
38 186
38 187
38 189
38 196
38 204
38 205
39 52
39 63
39 64
39 68
39 86
39 87
39 109
39 115
39 116
39 123
39 124
39 125
39 126
39 127
39 128
39 135
39 137
39 141
39 154
39 155
39 156
39 158
39 185
39 187
39 188
39 190
39 191
39 193
39 195
39 196
39 197
39 200
39 204
39 205
39 207
39 209
40 51
40 56
40 58
40 59
40 70
40 71
40 73
40 74
40 75
40 78
40 82
40 83
40 84
40 91
40 94
40 95
40 96
40 100
40 101
40 102
40 107
40 108
40 110
40 111
40 112
40 113
40 114
40 115
40 118
40 119
40 121
40 122
40 127
40 132
40 133
40 134
40 138
40 139
40 143
40 146
40 147
40 170
40 171
40 172
40 173
40 175
40 177
40 194
40 198
40 199
40 201
40 203
41 50
41 52
41 56
41 59
41 60
41 70
41 72
41 74
41 82
41 84
41 86
41 91
41 96
41 100
41 101
41 102
41 106
41 109
41 110
41 112
41 114
41 115
41 121
41 122
41 127
41 128
41 134
41 138
41 142
41 143
41 144
41 146
41 175
41 187
41 188
41 196
41 198
41 199
41 200
41 204
42 50
42 51
42 52
42 55
42 57
42 59
42 60
42 70
42 71
42 75
42 82
42 83
42 84
42 91
42 95
42 96
42 100
42 101
42 106
42 109
42 110
42 113
42 114
42 122
42 127
42 128
42 134
42 138
42 139
42 140
42 142
42 143
42 145
42 146
42 147
42 172
42 177
42 187
42 188
42 198
42 199
42 202
42 203
43 55
43 57
43 61
43 63
43 87
43 89
43 90
43 91
43 92
43 97
43 98
43 102
43 105
43 106
43 107
43 108
43 109
43 110
43 115
43 117
43 118
43 119
43 121
43 131
43 156
43 183
43 185
43 192
43 194
44 46
44 55
44 60
44 62
44 63
44 85
44 86
44 97
44 99
44 100
44 101
44 106
44 108
44 110
44 111
44 115
44 116
44 118
44 119
44 121
44 123
44 130
44 131
44 141
44 144
44 154
44 156
44 162
44 192
44 193
44 195
44 197
44 203
45 46
45 47
45 52
45 55
45 61
45 62
45 63
45 71
45 85
45 86
45 87
45 88
45 89
45 90
45 91
45 92
45 93
45 97
45 99
45 102
45 106
45 107
45 108
45 111
45 114
45 116
45 118
45 119
45 121
45 122
45 123
45 130
45 131
45 140
45 141
45 154
45 156
45 160
45 161
45 184
45 185
45 187
45 190
45 192
45 193
45 194
45 195
45 196
45 197
45 198
45 200
45 207
46 55
46 57
46 88
46 90
46 91
46 92
46 93
46 97
46 98
46 103
46 104
46 106
46 108
46 109
46 110
46 115
46 117
46 118
46 119
46 120
46 121
46 150
46 168
46 178
46 179
46 180
46 181
46 182
46 184
47 55
47 61
47 62
47 63
47 87
47 89
47 90
47 91
47 97
47 98
47 102
47 105
47 107
47 108
47 111
47 115
47 116
47 118
47 119
47 121
47 123
47 130
47 131
47 141
47 154
47 156
47 183
47 184
47 185
47 193
47 194
48 52
48 55
48 57
48 61
48 62
48 63
48 71
48 85
48 86
48 87
48 88
48 89
48 90
48 91
48 92
48 93
48 99
48 102
48 105
48 106
48 107
48 108
48 109
48 110
48 114
48 116
48 118
48 119
48 121
48 122
48 123
48 130
48 131
48 140
48 141
48 154
48 156
48 160
48 161
48 183
48 184
48 185
48 187
48 190
48 192
48 193
48 194
48 195
48 196
48 197
48 198
48 200
48 207
49 52
49 55
49 56
49 59
49 60
49 70
49 71
49 73
49 74
49 75
49 78
49 83
49 84
49 96
49 101
49 106
49 110
49 113
49 114
49 122
49 127
49 128
49 132
49 133
49 134
49 138
49 139
49 142
49 144
49 146
49 170
49 171
49 172
49 173
49 175
49 177
49 187
49 188
49 196
49 198
49 199
49 200
49 203
50 52
50 53
50 56
50 58
50 59
50 67
50 70
50 72
50 76
50 77
50 79
50 80
50 81
50 86
50 94
50 95
50 96
50 101
50 106
50 112
50 114
50 115
50 122
50 128
50 129
50 134
50 140
50 143
50 147
50 157
50 169
50 174
50 176
50 187
50 188
50 198
50 199
50 200
50 201
50 202
50 203
50 205
51 52
51 56
51 58
51 59
51 68
51 70
51 71
51 73
51 74
51 75
51 76
51 78
51 79
51 81
51 82
51 83
51 96
51 101
51 112
51 113
51 122
51 127
51 129
51 132
51 133
51 134
51 139
51 140
51 143
51 158
51 161
51 170
51 171
51 172
51 173
51 176
51 177
51 188
51 196
51 198
51 200
51 201
51 203
51 204
51 205
52 53
52 54
52 56
52 58
52 64
52 65
52 66
52 67
52 69
52 84
52 85
52 87
52 90
52 91
52 94
52 95
52 96
52 98
52 100
52 102
52 106
52 107
52 110
52 112
52 113
52 114
52 116
52 117
52 121
52 124
52 126
52 128
52 129
52 136
52 137
52 140
52 141
52 142
52 145
52 146
52 154
52 157
52 159
52 160
52 161
52 162
52 163
52 164
52 165
52 177
52 189
52 190
52 191
52 192
52 193
52 201
52 202
52 205
52 206
52 208
52 209
53 67
53 68
53 71
53 84
53 94
53 128
53 129
53 140
53 147
53 157
53 158
53 187
53 189
53 196
53 198
53 199
53 202
53 203
53 204
53 206
54 60
54 65
54 66
54 67
54 72
54 86
54 115
54 121
54 122
54 124
54 135
54 136
54 137
54 157
54 160
54 161
54 163
54 165
54 186
54 187
54 188
54 189
54 191
54 192
54 195
54 196
54 197
54 198
54 199
54 200
54 203
54 205
54 206
54 207
54 209
55 58
55 60
55 70
55 90
55 91
55 93
55 94
55 101
55 102
55 106
55 108
55 109
55 110
55 113
55 114
55 117
55 119
55 120
55 121
55 143
55 144
55 176
55 177
55 183
55 201
55 202
55 203
56 58
56 59
56 71
56 72
56 85
56 91
56 94
56 95
56 96
56 100
56 102
56 106
56 107
56 108
56 110
56 111
56 114
56 118
56 119
56 120
56 121
56 122
56 127
56 136
56 144
56 145
56 147
56 187
56 195
56 198
56 199
56 203
56 204
57 60
57 70
57 91
57 101
57 102
57 106
57 107
57 108
57 112
57 113
57 114
57 116
57 119
57 120
57 121
57 122
57 123
57 136
57 137
57 142
57 143
57 144
57 175
57 176
57 177
57 197
57 200
57 201
57 202
57 203
57 209
58 71
58 72
58 82
58 84
58 85
58 95
58 96
58 101
58 102
58 109
58 110
58 115
58 121
58 122
58 127
58 142
58 144
58 145
58 147
58 175
58 187
58 188
58 195
58 198
58 199
58 200
58 204
59 84
59 85
59 86
59 95
59 96
59 100
59 102
59 110
59 112
59 113
59 114
59 115
59 121
59 123
59 126
59 127
59 128
59 135
59 136
59 142
59 144
59 145
59 146
59 154
59 160
59 161
59 176
59 177
59 186
59 188
59 189
59 190
59 195
59 196
59 197
59 201
59 204
59 207
59 209
60 64
60 65
60 66
60 67
60 71
60 72
60 85
60 86
60 87
60 90
60 91
60 94
60 100
60 106
60 107
60 109
60 111
60 113
60 115
60 116
60 117
60 118
60 119
60 120
60 122
60 123
60 127
60 135
60 136
60 137
60 147
60 154
60 157
60 161
60 163
60 165
60 175
60 176
60 186
60 187
60 188
60 189
60 195
60 196
60 197
60 199
60 200
60 202
60 205
60 206
60 207
60 209
61 85
61 86
61 90
61 91
61 93
61 98
61 102
61 106
61 108
61 115
61 116
61 120
61 121
61 123
61 130
61 131
61 141
61 154
61 156
61 162
61 184
61 192
61 193
61 194
61 197
62 87
62 88
62 89
62 90
62 91
62 92
62 98
62 102
62 107
62 110
62 115
62 120
62 121
62 123
62 130
62 131
62 154
62 155
62 156
62 162
62 184
62 185
62 192
62 193
62 194
63 85
63 86
63 88
63 90
63 91
63 92
63 93
63 98
63 102
63 106
63 107
63 110
63 115
63 120
63 121
63 123
63 124
63 125
63 126
63 131
63 137
63 154
63 155
63 156
63 160
63 161
63 165
63 191
63 192
63 193
63 197
64 67
64 68
64 69
64 72
64 115
64 121
64 122
64 124
64 125
64 127
64 128
64 129
64 135
64 136
64 137
64 154
64 155
64 156
64 157
64 158
64 159
64 160
64 162
64 164
64 187
64 188
64 190
64 195
64 196
64 197
64 198
64 199
64 200
64 203
64 205
64 206
64 207
64 208
64 209
65 67
65 68
65 69
65 72
65 115
65 121
65 122
65 124
65 125
65 127
65 128
65 135
65 136
65 137
65 154
65 155
65 156
65 158
65 160
65 162
65 164
65 187
65 188
65 190
65 195
65 196
65 197
65 198
65 199
65 200
65 203
65 205
65 207
65 209
66 67
66 68
66 72
66 109
66 115
66 121
66 122
66 124
66 125
66 127
66 128
66 129
66 135
66 137
66 154
66 155
66 156
66 158
66 160
66 162
66 187
66 188
66 190
66 195
66 196
66 197
66 198
66 199
66 200
66 203
66 205
66 207
66 209
67 71
67 72
67 84
67 94
67 121
67 122
67 125
67 128
67 135
67 136
67 140
67 147
67 159
67 160
67 161
67 162
67 163
67 164
67 165
67 186
67 187
67 189
67 195
67 196
67 198
67 199
67 200
67 202
67 203
67 207
67 209
68 81
68 83
68 84
68 125
68 127
68 133
68 140
68 157
68 159
68 161
68 163
68 164
68 165
68 186
68 188
68 189
68 196
68 199
68 204
68 206
69 115
69 125
69 127
69 128
69 135
69 136
69 137
69 140
69 154
69 155
69 156
69 160
69 162
69 187
69 188
69 189
69 190
69 197
69 200
69 204
69 205
70 84
70 85
70 86
70 91
70 94
70 95
70 96
70 100
70 102
70 106
70 109
70 110
70 111
70 114
70 115
70 117
70 118
70 123
70 127
70 135
70 142
70 145
70 146
70 154
70 160
70 175
70 176
70 186
70 187
70 188
70 190
70 196
70 197
70 199
70 200
70 204
70 207
71 73
71 74
71 75
71 78
71 82
71 83
71 85
71 87
71 91
71 94
71 95
71 98
71 100
71 102
71 106
71 110
71 112
71 113
71 114
71 116
71 117
71 121
71 123
71 126
71 128
71 129
71 132
71 133
71 134
71 135
71 136
71 137
71 138
71 139
71 140
71 141
71 142
71 143
71 144
71 145
71 146
71 154
71 157
71 160
71 161
71 170
71 171
71 172
71 173
71 176
71 177
71 186
71 189
71 190
71 192
71 193
71 195
71 196
71 197
71 201
71 203
71 204
71 205
71 207
71 209
72 84
72 85
72 87
72 91
72 94
72 95
72 96
72 100
72 102
72 106
72 107
72 110
72 111
72 112
72 113
72 114
72 115
72 117
72 118
72 119
72 124
72 126
72 127
72 136
72 137
72 142
72 143
72 147
72 154
72 157
72 160
72 161
72 162
72 163
72 165
72 177
72 186
72 188
72 189
72 191
72 192
72 197
72 199
72 201
72 202
72 203
72 205
72 206
72 207
72 208
72 209
73 76
73 77
73 78
73 79
73 80
73 81
73 82
73 84
73 113
73 127
73 128
73 133
73 134
73 140
73 145
73 146
73 174
74 76
74 77
74 82
74 84
74 94
74 95
74 113
74 127
74 128
74 134
74 138
74 140
74 146
74 147
74 169
74 202
75 77
75 80
75 113
75 127
75 128
75 133
75 140
75 145
75 146
75 147
75 169
75 170
75 173
75 199
75 205
76 80
76 81
76 82
76 84
76 128
76 133
76 140
76 145
76 146
76 169
76 170
76 171
76 173
77 80
77 81
77 83
77 132
77 133
77 134
77 138
77 140
77 170
77 171
77 173
78 80
78 82
78 84
78 113
78 127
78 128
78 133
78 134
78 138
78 140
78 145
78 146
78 169
78 170
78 173
79 82
79 83
79 84
79 128
79 132
79 133
79 134
79 139
79 140
79 145
79 146
79 169
79 170
80 82
80 84
80 128
80 138
80 140
80 145
80 170
80 171
80 172
81 82
81 83
81 84
81 127
81 129
81 134
81 138
81 140
81 145
81 158
81 161
81 169
81 170
81 171
81 172
81 173
81 199
81 205
82 94
82 95
82 112
82 113
82 127
82 128
82 132
82 133
82 134
82 139
82 140
82 143
82 146
82 147
82 169
82 170
82 171
82 172
82 173
82 174
82 176
82 188
82 199
82 201
82 202
82 205
83 113
83 127
83 129
83 140
83 145
83 146
83 147
83 158
83 161
83 169
83 199
83 205
84 86
84 94
84 95
84 96
84 101
84 112
84 113
84 115
84 122
84 129
84 132
84 133
84 139
84 145
84 157
84 158
84 161
84 169
84 170
84 171
84 172
84 173
84 174
84 187
84 188
84 196
84 198
84 200
84 201
84 202
84 203
84 204
84 206
85 88
85 89
85 90
85 92
85 93
85 98
85 100
85 106
85 108
85 110
85 111
85 112
85 113
85 116
85 117
85 118
85 119
85 120
85 121
85 122
85 130
85 135
85 137
85 141
85 142
85 143
85 144
85 147
85 154
85 156
85 160
85 161
85 162
85 176
85 177
85 184
85 185
85 187
85 189
85 190
85 192
85 193
85 195
85 196
85 197
85 198
85 199
85 200
85 201
85 202
85 203
85 207
85 209
86 89
86 90
86 91
86 95
86 96
86 98
86 101
86 102
86 106
86 107
86 110
86 114
86 116
86 117
86 121
86 124
86 125
86 126
86 127
86 130
86 135
86 136
86 141
86 143
86 144
86 147
86 155
86 156
86 161
86 162
86 165
86 184
86 185
86 186
86 188
86 189
86 191
86 193
86 198
86 199
86 202
86 203
86 204
86 208
87 88
87 91
87 92
87 93
87 98
87 100
87 101
87 106
87 108
87 110
87 111
87 114
87 118
87 119
87 120
87 121
87 122
87 124
87 125
87 126
87 131
87 135
87 137
87 142
87 143
87 144
87 155
87 160
87 161
87 165
87 177
87 184
87 187
87 189
87 190
87 191
87 194
87 195
87 196
87 198
87 200
87 203
87 207
87 209
88 98
88 102
88 106
88 108
88 110
88 111
88 115
88 116
88 118
88 119
88 121
88 123
88 130
88 131
88 141
88 154
88 156
88 185
88 192
88 193
88 197
89 91
89 93
89 98
89 102
89 106
89 107
89 110
89 115
89 120
89 121
89 123
89 131
89 154
89 155
89 156
89 162
89 192
89 197
90 91
90 93
90 98
90 100
90 101
90 106
90 107
90 108
90 110
90 111
90 115
90 116
90 118
90 119
90 121
90 123
90 124
90 130
90 137
90 141
90 144
90 154
90 155
90 160
90 162
90 165
90 189
90 190
90 191
90 192
90 193
90 195
90 196
90 200
90 203
90 207
90 209
91 98
91 100
91 101
91 102
91 109
91 111
91 112
91 113
91 114
91 116
91 118
91 119
91 122
91 130
91 131
91 135
91 137
91 141
91 142
91 143
91 144
91 154
91 156
91 160
91 161
91 162
91 175
91 176
91 177
91 185
91 187
91 189
91 190
91 192
91 193
91 194
91 195
91 196
91 197
91 198
91 200
91 201
91 203
91 204
91 207
91 209
92 98
92 102
92 106
92 108
92 110
92 115
92 116
92 118
92 119
92 121
92 123
92 131
92 141
92 154
92 156
92 162
92 192
92 193
92 197
93 97
93 98
93 102
93 106
93 107
93 108
93 110
93 111
93 115
93 117
93 118
93 119
93 121
93 123
93 130
93 131
93 156
93 185
93 192
93 194
94 101
94 102
94 110
94 113
94 114
94 121
94 122
94 128
94 129
94 134
94 138
94 140
94 142
94 144
94 146
94 157
94 175
94 176
94 177
94 187
94 188
94 196
94 198
94 199
94 200
94 204
94 205
95 101
95 110
95 112
95 113
95 115
95 121
95 123
95 127
95 128
95 134
95 135
95 138
95 143
95 144
95 146
95 154
95 176
95 177
95 187
95 195
95 196
95 198
95 199
95 200
95 201
95 203
95 204
96 101
96 110
96 112
96 113
96 115
96 121
96 123
96 127
96 128
96 135
96 143
96 144
96 145
96 146
96 154
96 176
96 187
96 188
96 195
96 196
96 198
96 200
96 201
96 203
96 204
97 111
97 115
97 117
97 118
97 120
97 140
98 102
98 106
98 107
98 111
98 114
98 116
98 118
98 120
98 121
98 122
98 123
98 130
98 131
98 140
98 141
98 154
98 156
98 160
98 161
98 184
98 185
98 187
98 190
98 192
98 193
98 194
98 195
98 196
98 197
98 198
98 200
98 207
99 115
99 117
99 140
100 107
100 108
100 111
100 112
100 113
100 114
100 115
100 116
100 117
100 118
100 119
100 120
100 122
100 123
100 135
100 136
100 137
100 143
100 147
100 154
100 176
100 177
100 187
100 189
100 194
100 195
100 197
100 198
100 199
100 200
100 201
100 202
100 203
100 204
100 209
101 106
101 107
101 109
101 111
101 113
101 115
101 116
101 117
101 118
101 119
101 120
101 123
101 126
101 127
101 128
101 135
101 137
101 145
101 146
101 154
101 160
101 175
101 176
101 186
101 188
101 189
101 190
101 196
101 197
101 200
101 201
101 204
101 207
101 209
102 108
102 109
102 111
102 112
102 113
102 114
102 116
102 118
102 119
102 122
102 127
102 130
102 131
102 135
102 137
102 141
102 142
102 143
102 147
102 154
102 156
102 160
102 161
102 162
102 175
102 177
102 184
102 185
102 187
102 189
102 190
102 192
102 193
102 194
102 196
102 197
102 198
102 199
102 200
102 201
102 202
102 204
102 207
102 209
105 111
105 148
105 166
105 183
106 109
106 114
106 116
106 117
106 120
106 122
106 123
106 130
106 131
106 135
106 137
106 141
106 142
106 143
106 144
106 145
106 154
106 160
106 161
106 175
106 176
106 177
106 184
106 185
106 187
106 189
106 190
106 192
106 193
106 195
106 196
106 197
106 198
106 200
106 202
106 203
106 204
106 207
106 209
107 110
107 111
107 114
107 115
107 116
107 118
107 119
107 121
107 122
107 130
107 131
107 135
107 137
107 141
107 142
107 143
107 144
107 154
107 156
107 160
107 162
107 177
107 184
107 185
107 189
107 192
107 193
107 194
107 195
107 196
107 197
107 200
107 203
107 209
108 109
108 110
108 115
108 117
108 121
108 123
108 184
108 194
109 112
109 113
109 114
109 116
109 118
109 119
109 121
109 122
109 123
109 135
109 137
109 143
109 144
109 160
109 161
109 165
109 176
109 186
109 189
109 190
109 197
109 200
109 201
109 202
109 203
109 204
109 206
109 209
110 112
110 113
110 115
110 117
110 118
110 119
110 120
110 124
110 127
110 130
110 131
110 135
110 136
110 141
110 144
110 147
110 154
110 155
110 156
110 160
110 161
110 162
110 165
110 175
110 176
110 177
110 184
110 185
110 187
110 189
110 190
110 191
110 192
110 193
110 194
110 195
110 196
110 198
110 199
110 201
110 202
110 204
110 207
110 208
111 112
111 114
111 115
111 116
111 117
111 120
111 122
111 123
111 135
111 136
111 137
111 142
111 143
111 144
111 154
111 175
111 177
111 183
111 184
111 189
111 194
111 195
111 197
111 200
111 203
111 204
111 209
112 115
112 118
112 121
112 122
112 127
112 144
112 145
112 147
112 187
112 188
112 195
112 198
112 199
112 202
112 204
113 115
113 121
113 122
113 127
113 132
113 133
113 138
113 139
113 142
113 143
113 144
113 145
113 146
113 170
113 171
113 172
113 173
113 175
113 177
113 187
113 188
113 195
113 196
113 198
113 199
113 200
113 204
114 116
114 117
114 121
114 122
114 123
114 127
114 137
114 141
114 142
114 144
114 147
114 154
114 160
114 161
114 175
114 187
114 190
114 192
114 193
114 195
114 196
114 197
114 198
114 199
114 200
114 202
114 204
114 207
114 209
115 118
115 119
115 120
115 124
115 125
115 126
115 127
115 128
115 129
115 130
115 131
115 135
115 136
115 137
115 142
115 143
115 144
115 147
115 155
115 156
115 157
115 158
115 159
115 162
115 163
115 164
115 165
115 176
115 177
115 184
115 185
115 186
115 188
115 189
115 191
115 194
115 199
115 201
115 202
115 203
115 204
115 206
115 208
115 209
116 120
116 121
116 122
116 123
116 124
116 125
116 126
116 137
116 142
116 143
116 160
116 161
116 165
116 184
116 187
116 190
116 191
116 195
116 196
116 197
116 198
116 200
116 203
116 207
116 209
117 118
117 119
117 122
117 126
117 137
117 144
117 155
117 160
117 161
117 162
117 165
117 187
117 190
117 191
117 192
117 195
117 196
117 197
117 198
117 200
117 203
117 204
117 207
117 209
118 122
118 123
118 135
118 142
118 143
118 144
118 154
118 175
118 177
118 183
118 184
118 189
118 194
118 195
118 200
118 203
118 204
118 209
119 121
119 122
119 123
119 135
119 142
119 143
119 144
119 154
119 177
119 184
119 189
119 194
119 195
119 200
119 203
119 209
120 121
120 123
120 130
120 131
120 141
120 144
120 154
120 156
120 185
120 192
120 193
120 194
120 195
120 197
120 203
121 126
121 127
121 130
121 131
121 135
121 136
121 137
121 141
121 142
121 143
121 147
121 155
121 156
121 157
121 160
121 161
121 162
121 163
121 165
121 175
121 177
121 184
121 185
121 186
121 187
121 188
121 189
121 190
121 191
121 192
121 193
121 194
121 196
121 197
121 198
121 199
121 200
121 201
121 202
121 205
121 206
121 207
121 209
122 126
122 127
122 128
122 130
122 136
122 137
122 141
122 142
122 145
122 146
122 155
122 156
122 157
122 160
122 161
122 162
122 163
122 165
122 176
122 177
122 186
122 188
122 189
122 190
122 191
122 192
122 193
122 197
122 201
122 205
122 206
122 207
122 208
122 209
123 124
123 125
123 126
123 127
123 130
123 131
123 135
123 136
123 141
123 142
123 143
123 144
123 147
123 155
123 156
123 161
123 165
123 177
123 184
123 185
123 186
123 187
123 188
123 189
123 190
123 191
123 192
123 193
123 194
123 198
123 199
123 200
123 202
123 203
123 204
123 207
123 208
124 129
124 135
124 136
124 141
124 154
124 155
124 156
124 161
124 163
124 164
124 165
124 185
124 186
124 187
124 188
124 192
124 193
124 195
124 196
124 200
124 204
124 206
124 207
124 208
125 127
125 128
125 135
125 136
125 137
125 141
125 154
125 156
125 157
125 158
125 159
125 163
125 164
125 185
125 186
125 187
125 189
125 190
125 192
125 193
125 195
125 196
125 197
125 200
125 204
125 205
125 206
125 207
125 209
126 129
126 130
126 135
126 137
126 141
126 156
126 160
126 161
126 165
126 184
126 185
126 186
126 188
126 189
126 190
126 193
126 195
126 196
126 197
126 198
126 200
126 204
126 209
127 132
127 133
127 134
127 135
127 138
127 139
127 143
127 144
127 145
127 146
127 158
127 159
127 161
127 163
127 164
127 165
127 170
127 171
127 172
127 173
127 176
127 177
127 186
127 187
127 189
127 195
127 196
127 197
127 200
127 201
127 204
127 206
127 207
128 132
128 134
128 135
128 136
128 137
128 138
128 139
128 145
128 146
128 147
128 155
128 157
128 159
128 160
128 162
128 163
128 164
128 165
128 170
128 171
128 172
128 173
128 174
128 186
128 188
128 189
128 190
128 198
128 200
128 202
128 203
128 204
128 206
129 133
129 135
129 136
129 137
129 140
129 147
129 154
129 155
129 156
129 160
129 162
129 187
129 188
129 189
129 190
129 191
129 196
129 197
129 198
129 199
129 200
129 202
129 203
129 204
130 155
130 162
130 165
130 184
130 190
130 191
130 197
131 141
131 154
131 155
131 162
131 165
131 185
131 192
131 193
131 197
132 140
132 145
132 146
132 169
133 138
133 140
133 145
133 146
133 158
133 161
133 170
133 171
133 172
133 173
133 174
133 199
133 205
134 146
134 147
134 158
134 169
134 170
134 171
134 173
134 174
134 188
134 199
134 202
134 205
135 142
135 143
135 144
135 147
135 154
135 155
135 157
135 158
135 159
135 162
135 163
135 164
135 165
135 177
135 186
135 188
135 191
135 192
135 197
135 198
135 199
135 202
135 203
135 205
135 206
136 142
136 147
136 154
136 155
136 156
136 157
136 158
136 159
136 162
136 163
136 164
136 175
136 177
136 187
136 188
136 191
136 192
136 195
136 196
136 197
136 198
136 199
136 203
136 205
136 207
136 208
136 209
137 141
137 142
137 143
137 147
137 154
137 155
137 156
137 157
137 158
137 159
137 163
137 164
137 185
137 186
137 187
137 188
137 191
137 192
137 193
137 195
137 200
137 203
137 204
137 206
137 207
137 208
138 145
138 147
138 158
138 169
138 170
138 173
138 174
138 199
138 202
138 205
139 145
139 146
139 147
139 158
139 169
139 199
140 145
140 146
140 147
140 157
140 159
140 161
140 170
140 171
140 172
140 173
140 174
140 188
140 198
140 199
140 202
140 203
140 205
140 206
141 154
141 155
141 160
141 161
141 165
141 184
141 187
141 190
141 191
141 194
141 195
141 196
141 197
141 198
141 200
141 207
142 147
142 154
142 176
142 187
142 189
142 195
142 197
142 198
142 199
142 200
142 202
142 203
142 204
142 209
143 145
143 147
143 154
143 175
143 176
143 186
143 187
143 188
143 189
143 195
143 196
143 197
143 199
143 200
143 204
143 207
143 209
144 147
144 154
144 160
144 175
144 177
144 186
144 187
144 188
144 189
144 190
144 196
144 197
144 198
144 199
144 200
144 201
144 202
144 204
144 207
144 209
145 169
145 170
145 171
145 172
145 173
145 174
145 176
145 177
145 187
145 188
145 196
145 198
145 199
145 200
145 201
145 203
146 170
146 171
146 172
146 173
146 196
146 198
146 199
146 200
146 202
146 203
146 205
147 154
147 157
147 160
147 161
147 172
147 176
147 177
147 186
147 187
147 188
147 189
147 190
147 195
147 197
147 201
147 204
147 205
147 207
147 209
148 152
148 167
148 168
148 178
148 180
148 181
148 182
148 183
149 152
149 178
149 179
149 180
149 183
150 151
150 152
150 153
150 167
150 179
150 180
150 181
150 182
151 167
151 168
151 178
151 181
151 182
152 167
152 168
152 178
152 180
152 181
152 182
152 183
153 167
153 168
153 178
153 179
153 182
153 183
154 159
154 160
154 161
154 163
154 164
154 177
154 184
154 185
154 186
154 187
154 189
154 190
154 194
154 195
154 196
154 198
154 199
154 200
154 202
154 203
154 204
154 206
154 207
154 209
155 157
155 158
155 159
155 163
155 164
155 165
155 184
155 185
155 186
155 187
155 189
155 190
155 192
155 193
155 194
155 195
155 196
155 197
155 200
155 204
155 206
155 207
155 209
156 159
156 160
156 161
156 163
156 164
156 186
156 189
156 190
156 191
156 194
156 197
156 204
156 206
157 160
157 162
157 165
157 187
157 188
157 189
157 190
157 195
157 196
157 198
157 199
157 200
157 202
157 203
157 207
157 209
158 160
158 162
158 163
158 164
158 165
158 186
158 188
158 189
158 190
158 196
158 199
158 200
158 204
159 160
159 162
159 187
159 188
159 189
159 190
159 196
159 197
159 200
159 204
159 205
160 163
160 164
160 185
160 186
160 187
160 188
160 191
160 192
160 193
160 198
160 199
160 204
160 206
160 208
161 185
161 187
161 188
161 191
161 192
161 193
161 195
161 196
161 197
161 198
161 199
161 203
161 205
161 207
161 208
161 209
162 163
162 164
162 184
162 186
162 187
162 189
162 190
162 192
162 194
162 195
162 196
162 200
162 204
162 206
162 207
162 209
163 187
163 188
163 190
163 195
163 196
163 197
163 198
163 199
163 200
163 203
163 205
163 207
163 209
164 187
164 188
164 190
164 196
164 197
164 200
164 204
164 205
164 207
164 209
165 184
165 185
165 187
165 188
165 190
165 191
165 192
165 193
165 195
165 196
165 198
165 199
165 200
165 203
165 205
165 207
165 209
166 179
166 180
166 183
167 178
167 179
167 180
167 181
167 183
169 172
169 173
170 172
170 174
171 174
172 199
175 202
175 203
176 198
176 199
176 203
177 187
177 189
177 195
177 198
177 199
177 200
177 202
177 204
177 209
178 182
180 181
180 182
184 185
184 190
184 191
184 193
184 197
185 191
185 192
185 197
186 188
186 190
186 195
186 196
186 197
186 198
186 199
186 200
186 203
186 205
186 207
186 209
187 191
187 192
187 193
187 197
187 199
187 201
187 202
187 203
187 205
187 206
187 207
187 208
187 209
188 190
188 195
188 197
188 198
188 199
188 200
188 201
188 202
188 203
188 206
188 207
188 209
189 191
189 192
189 193
189 195
189 198
189 199
189 203
189 205
189 208
190 193
190 195
190 198
190 199
190 204
190 206
190 208
191 193
191 195
191 196
191 200
191 207
191 209
192 194
192 195
192 196
192 198
192 200
192 207
192 209
193 194
193 195
193 196
193 198
193 200
193 207
193 209
194 197
195 199
195 201
195 202
195 203
195 205
195 206
195 207
195 208
195 209
196 198
196 199
196 202
196 203
196 205
196 206
196 208
197 198
197 199
197 203
197 204
197 206
197 208
198 201
198 205
198 206
198 207
198 209
199 201
199 203
199 205
199 206
199 207
199 209
200 202
200 203
200 205
200 206
200 208
201 204
202 204
202 205
203 205
203 206
203 207
203 209
204 208
205 207
205 209
206 207
206 209
original_pcis
252
253
254
480
481
482
288
289
290
261
262
263
222
223
288
289
290
312
313
314
69
70
71
318
319
320
381
382
383
321
323
384
385
386
72
73
74
75
76
77
49
50
51
324
325
326
327
328
329
171
172
173
78
79
80
330
331
332
336
337
338
81
82
83
84
85
86
87
88
89
90
91
92
390
391
392
393
394
395
396
397
398
495
496
497
102
103
104
342
343
344
345
346
347
357
358
359
360
361
362
216
217
218
348
349
350
219
220
221
165
166
167
291
292
293
294
295
296
225
226
227
183
184
185
285
286
287
261
262
263
267
269
405
406
407
297
298
299
408
409
410
54
132
133
134
174
175
176
306
307
308
276
277
278
363
364
365
357
358
359
333
334
335
114
115
116
258
259
260
411
412
413
54
55
56
126
127
128
255
256
257
270
271
272
354
117
57
270
271
272
315
316
317
60
282
258
259
260
156
157
158
198
199
200
321
322
323
309
310
311
cp_solver_time 0.325298096
feasible_solution
20
16
7
1
7
4
8
3
15
2
0
12
10
21
27
13
5
9
8
6
32
6
3
0
15
7
11
20
12
4
10
8
1
7
28
35
36
35
4
10
17
7
16
29
0
20
16
2
4
24
4
15
26
1
13
10
3
7
18
29
9
17
26
28
11
36
16
7
9
27
22
5
15
29
22
21
17
13
26
0
1
5
10
3
13
7
18
25
31
21
1
12
18
3
30
9
39
1
11
3
18
20
16
2
0
3
2
22
14
17
11
23
19
2
21
30
29
19
21
26
5
24
10
37
31
13
11
0
8
23
27
13
28
16
18
34
12
4
19
9
2
14
0
1
6
25
1
33
5
9
2
0
19
17
3
7
8
18
14
15
9
1
20
22
17
5
6
18
14
2
23
27
14
12
6
15
6
4
12
19
1
13
11
0
9
23
2
8
21
19
0
2
6
15
10
17
27
39
31
28
38
23
12
14
25
20
29
23
2
32
num_inter_technology_neighbors 0
inter_technology_neighbors
