instance_name pci_078_n0405_orig
instance_group orig
min_allowed_pci 2
max_allowed_pci 503
module_k 4
num_nodes 405
num_top_neighbors 274
0 104
0 244
1 2
1 47
2 32
3 67
3 205
4 142
4 206
5 106
5 207
6 335
6 359
7 202
7 390
8 357
8 363
9 339
9 353
10 182
11 141
11 180
12 182
12 211
13 14
13 39
14 100
15 35
15 285
17 35
17 102
18 54
18 247
19 63
19 277
20 214
20 263
21 278
21 279
22 56
22 58
23 29
23 108
24 57
25 41
25 208
26 31
26 275
27 245
27 263
28 59
28 209
29 266
30 61
30 100
31 210
32 259
33 101
33 249
34 36
34 212
36 246
37 42
37 56
38 45
38 101
40 60
41 66
42 102
43 44
44 45
46 47
46 105
48 209
48 282
49 262
49 282
50 260
50 262
51 267
51 294
52 247
52 265
53 54
53 287
57 208
58 64
59 60
61 62
62 65
63 213
64 108
65 253
66 245
67 180
68 143
68 181
69 207
69 251
70 86
70 219
71 219
71 296
72 87
72 223
73 189
73 198
74 190
74 196
75 198
76 88
76 94
77 307
77 332
78 90
78 298
79 132
79 178
80 110
80 116
81 131
81 132
82 223
82 235
83 225
83 274
84 90
84 257
85 87
85 331
86 315
89 216
89 217
91 119
91 147
92 148
92 185
93 120
93 154
94 215
95 320
95 332
96 274
96 331
97 124
97 162
98 125
98 174
99 161
99 164
103 205
103 211
104 106
105 214
107 253
107 284
110 175
111 112
111 116
112 168
113 114
113 155
114 128
115 176
115 177
117 134
117 345
118 147
118 234
119 122
120 160
122 186
123 150
123 157
124 162
125 130
126 164
127 170
127 172
128 175
130 149
131 161
134 167
135 345
135 350
136 144
136 389
137 144
137 358
138 139
138 213
139 140
140 212
141 242
142 289
143 242
145 201
145 203
146 367
146 399
148 234
149 156
150 197
151 169
151 187
152 166
152 173
153 163
153 179
154 195
155 172
156 157
158 177
159 160
159 183
163 183
165 167
165 178
166 173
168 169
170 369
174 176
179 368
181 251
184 196
184 233
185 200
186 333
187 194
188 197
189 191
190 193
191 192
192 195
193 305
199 200
199 329
201 368
202 393
203 379
204 341
204 397
206 244
210 266
215 235
216 305
217 220
218 220
218 237
221 226
221 237
222 322
222 323
224 227
225 326
226 239
228 322
228 325
229 239
229 291
231 297
231 298
233 333
236 296
236 307
238 373
238 389
240 314
240 319
241 301
241 315
243 260
243 284
246 287
num_regular_neighbors 2592
0 1
0 2
0 3
0 4
0 5
0 10
0 11
0 12
0 69
0 103
0 106
0 141
0 143
0 180
0 181
0 182
0 205
0 206
0 207
0 251
1 4
1 5
1 67
1 68
1 69
1 107
1 141
1 142
1 143
1 181
1 206
1 242
1 243
1 244
1 251
1 252
1 253
1 256
1 260
1 276
1 290
2 5
2 12
2 22
2 23
2 29
2 31
2 46
2 47
2 50
2 56
2 69
2 103
2 104
2 105
2 106
2 107
2 108
2 143
2 181
2 206
2 207
2 244
2 251
2 253
2 260
3 4
3 5
3 11
3 69
3 141
3 180
3 181
3 206
3 237
3 251
4 5
4 67
4 69
4 141
4 143
4 181
4 242
4 244
4 260
5 12
5 46
5 69
5 103
5 104
5 105
5 108
5 141
5 143
5 181
5 182
5 205
5 206
5 260
6 7
6 136
6 137
6 144
6 145
6 201
6 202
6 203
6 238
6 334
6 347
6 350
6 366
6 368
6 386
6 389
6 390
6 392
7 145
7 146
7 203
7 334
7 335
7 348
7 360
7 362
7 366
7 379
7 391
7 392
7 393
8 9
8 117
8 179
8 341
8 349
8 353
8 361
8 362
8 364
8 376
8 377
9 204
9 337
9 338
9 340
9 341
9 342
9 343
9 351
9 352
9 354
9 356
9 357
9 361
9 363
9 370
9 394
9 395
9 396
9 402
10 11
10 12
10 103
10 106
10 141
10 180
10 205
11 12
11 181
11 182
12 46
12 103
12 104
12 105
12 106
12 108
12 141
12 181
12 205
12 207
13 15
13 19
13 25
13 27
13 30
13 34
13 35
13 37
13 41
13 42
13 43
13 44
13 45
13 62
13 63
13 66
13 100
13 101
13 102
13 138
13 139
13 140
13 212
13 213
13 214
14 15
14 20
14 25
14 26
14 27
14 29
14 30
14 31
14 32
14 33
14 35
14 38
14 43
14 44
14 45
14 48
14 49
14 50
14 51
14 65
14 66
14 101
14 138
14 139
14 140
14 210
14 213
14 214
14 246
14 263
14 265
14 266
14 267
14 268
14 277
14 280
14 282
14 285
15 17
15 18
15 19
15 20
15 21
15 27
15 30
15 34
15 36
15 39
15 42
15 52
15 53
15 63
15 66
15 102
15 140
15 212
15 213
15 214
15 246
15 247
15 265
15 277
15 287
16 17
16 18
16 34
16 52
16 245
17 18
17 19
17 21
17 34
17 36
17 39
17 42
17 52
17 53
17 63
17 66
17 212
17 214
17 245
17 246
17 247
17 287
18 19
18 34
18 36
18 52
18 53
18 245
19 20
19 21
19 34
19 35
19 36
19 39
19 42
19 52
19 53
19 66
19 102
19 105
19 140
19 212
19 214
19 245
19 246
19 247
19 265
19 285
19 287
20 21
20 26
20 27
20 30
20 32
20 33
20 35
20 38
20 48
20 53
20 101
20 139
20 140
20 246
20 264
20 265
20 266
20 268
20 277
20 282
20 285
20 287
21 27
21 35
21 36
21 53
21 140
21 214
21 246
21 247
21 264
21 265
21 272
21 277
21 286
21 287
22 23
22 24
22 25
22 28
22 30
22 31
22 41
22 46
22 55
22 57
22 59
22 61
22 62
22 64
22 100
22 105
22 106
22 108
22 208
22 211
23 24
23 25
23 28
23 30
23 31
23 32
23 46
23 47
23 48
23 49
23 50
23 56
23 59
23 62
23 64
23 65
23 100
23 105
23 107
23 207
23 208
23 209
23 210
23 253
23 260
23 282
24 25
24 28
24 30
24 31
24 37
24 41
24 46
24 59
24 62
24 64
24 65
24 100
24 208
24 210
25 26
25 27
25 28
25 29
25 30
25 31
25 37
25 38
25 43
25 44
25 45
25 46
25 48
25 56
25 58
25 59
25 61
25 62
25 63
25 64
25 65
25 66
25 100
25 101
25 139
25 209
25 210
25 213
25 266
25 282
26 27
26 29
26 30
26 32
26 33
26 35
26 38
26 48
26 49
26 51
26 62
26 65
26 101
26 139
26 210
26 253
26 262
26 263
26 266
26 267
26 268
26 277
26 282
26 285
26 294
26 295
27 30
27 34
27 35
27 38
27 39
27 44
27 45
27 48
27 101
27 102
27 138
27 139
27 140
27 212
27 213
27 214
27 247
27 265
27 266
27 268
27 277
27 285
28 29
28 30
28 31
28 41
28 46
28 48
28 49
28 56
28 57
28 62
28 64
28 65
28 100
28 108
28 208
28 210
28 266
29 30
29 31
29 32
29 33
29 46
29 47
29 48
29 49
29 50
29 51
29 62
29 65
29 107
29 108
29 143
29 209
29 210
29 253
29 260
29 262
29 282
29 295
30 31
30 33
30 34
30 37
30 38
30 40
30 41
30 43
30 44
30 46
30 48
30 57
30 59
30 60
30 62
30 63
30 64
30 65
30 66
30 101
30 138
30 139
30 208
30 210
30 212
30 213
30 214
30 253
30 263
30 266
31 32
31 33
31 38
31 46
31 47
31 48
31 49
31 50
31 58
31 59
31 61
31 62
31 64
31 65
31 106
31 107
31 108
31 207
31 208
31 209
31 213
31 249
31 253
31 260
31 266
31 267
31 282
32 33
32 38
32 47
32 48
32 49
32 50
32 51
32 62
32 65
32 107
32 143
32 253
32 260
32 262
32 263
32 266
32 267
32 275
32 276
32 280
32 281
32 282
32 283
32 295
33 38
33 48
33 51
33 65
33 250
33 253
33 262
33 263
33 265
33 266
33 267
33 268
33 282
33 285
33 294
34 35
34 39
34 42
34 52
34 53
34 60
34 63
34 66
34 102
34 105
34 138
34 140
34 214
34 245
34 246
34 265
34 282
35 36
35 37
35 39
35 42
35 53
35 66
35 140
35 212
35 213
35 214
35 246
35 263
35 264
35 265
35 266
35 268
35 277
35 285
36 42
36 52
36 53
36 54
36 140
36 214
36 245
36 247
36 265
36 279
36 282
36 287
37 38
37 39
37 40
37 41
37 43
37 58
37 60
37 61
37 62
37 63
37 64
37 66
37 100
37 102
37 138
37 212
37 213
37 246
38 39
38 43
38 44
38 62
38 65
38 66
38 100
38 102
38 138
38 139
38 210
38 213
38 266
39 41
39 42
39 63
39 66
39 102
39 138
39 140
39 212
39 213
39 214
39 245
40 41
40 42
40 46
40 57
40 58
40 61
40 64
40 138
40 208
41 42
41 44
41 46
41 47
41 50
41 56
41 57
41 59
41 60
41 61
41 62
41 63
41 64
41 65
41 100
41 138
41 208
41 210
41 212
41 213
42 53
42 60
42 63
42 66
42 138
42 140
42 212
42 214
42 245
43 45
43 62
43 65
43 66
43 100
43 138
44 62
44 65
44 66
44 100
44 101
44 138
44 139
44 210
45 100
45 101
45 102
45 138
45 139
46 48
46 55
46 56
46 57
46 58
46 59
46 60
46 61
46 62
46 64
46 65
46 100
46 103
46 106
46 107
46 108
46 207
46 208
46 209
46 210
46 244
46 263
47 48
47 50
47 56
47 65
47 68
47 69
47 82
47 104
47 106
47 107
47 108
47 143
47 181
47 207
47 209
47 243
47 244
47 251
47 253
47 260
47 266
48 49
48 50
48 51
48 62
48 65
48 107
48 210
48 253
48 263
48 266
48 267
49 50
49 51
49 62
49 64
49 65
49 107
49 108
50 51
50 62
50 65
50 107
50 253
50 266
50 280
50 282
50 295
51 253
51 260
51 262
51 263
51 265
51 266
51 272
51 282
52 53
52 54
52 245
52 272
52 279
53 214
53 245
53 246
53 247
53 265
53 271
53 272
53 277
53 278
53 279
54 247
54 271
54 272
54 273
54 278
54 279
55 56
55 57
55 58
55 61
55 64
55 211
56 57
56 59
56 61
56 62
56 64
56 100
56 103
56 104
56 105
56 106
56 108
56 207
56 208
56 211
56 244
56 246
56 266
56 285
57 58
57 59
57 60
57 61
57 64
58 59
58 60
58 61
58 69
58 108
58 208
58 266
59 61
59 62
59 64
59 100
59 105
59 106
59 107
59 108
59 208
60 61
60 62
60 63
60 64
60 66
60 138
60 208
60 212
61 63
61 64
61 105
61 108
61 208
62 63
62 64
62 66
62 100
62 208
62 210
62 213
62 266
63 66
63 102
63 138
63 212
63 214
63 245
64 65
64 66
64 100
64 105
64 208
64 209
64 210
64 211
64 266
65 66
65 100
65 101
65 107
65 108
65 138
65 139
65 143
65 208
65 209
65 210
65 260
65 266
66 100
66 101
66 102
66 138
66 212
66 213
66 214
66 246
67 68
67 69
67 141
67 142
67 181
67 242
67 251
68 69
68 107
68 142
68 242
68 243
68 244
68 251
68 252
68 253
68 256
68 260
68 276
68 295
69 103
69 107
69 141
69 142
69 143
69 181
69 206
69 242
69 244
69 253
70 71
70 72
70 77
70 78
70 85
70 193
70 216
70 222
70 239
70 304
70 305
70 306
70 307
70 308
70 315
70 320
70 322
70 323
70 330
70 331
70 332
71 72
71 95
71 228
71 240
71 303
71 304
71 306
71 307
71 308
71 312
71 315
71 318
71 320
71 321
71 322
71 323
71 324
71 330
71 332
72 82
72 83
72 85
72 86
72 219
72 220
72 222
72 224
72 225
72 227
72 228
72 229
72 239
72 240
72 241
72 291
72 296
72 297
72 298
72 307
72 312
72 315
72 317
72 319
72 322
72 323
72 325
72 332
73 74
73 75
73 183
73 184
73 186
73 195
73 199
73 233
73 333
74 75
74 77
74 184
74 189
74 195
74 199
74 233
74 305
74 309
74 328
74 329
74 331
74 332
74 333
75 186
75 187
75 189
75 191
75 192
75 195
75 196
75 199
75 200
75 333
76 77
76 78
76 95
76 96
76 151
76 190
76 193
76 196
76 215
76 216
76 218
76 221
76 237
76 305
76 328
76 331
76 333
77 78
77 85
77 89
77 95
77 148
77 196
77 199
77 216
77 219
77 221
77 305
77 306
77 315
77 323
77 331
78 82
78 84
78 85
78 88
78 89
78 95
78 96
78 196
78 215
78 216
78 217
78 218
78 219
78 220
78 221
78 236
78 237
78 257
78 288
78 296
78 307
78 331
79 80
79 81
79 91
79 98
79 99
79 109
79 112
79 116
79 118
79 120
79 121
79 123
79 130
79 131
79 149
79 153
79 154
79 156
79 157
79 158
79 159
79 160
79 161
79 162
79 163
79 165
79 174
79 175
79 177
79 183
79 185
80 81
80 112
80 113
80 114
80 128
80 134
80 149
80 150
80 151
80 152
80 153
80 154
80 155
80 157
80 165
80 166
80 168
80 169
80 172
80 175
80 178
81 109
81 110
81 111
81 112
81 113
81 114
81 115
81 116
81 133
81 134
81 135
81 152
81 153
81 158
81 165
81 166
81 167
81 168
81 170
81 174
81 175
81 176
81 177
81 178
81 179
82 83
82 84
82 85
82 86
82 87
82 89
82 217
82 218
82 220
82 221
82 222
82 224
82 226
82 229
82 236
82 239
82 257
82 296
82 298
82 307
82 311
82 315
82 319
82 325
83 84
83 87
83 196
83 220
83 223
83 226
83 229
83 241
83 257
83 258
83 296
83 297
83 298
83 311
83 317
83 319
83 322
83 325
84 89
84 217
84 218
84 220
84 221
84 223
84 226
84 235
84 236
84 237
84 288
84 289
84 298
84 319
85 86
85 89
85 95
85 196
85 216
85 217
85 218
85 219
85 220
85 221
85 222
85 224
85 227
85 239
85 304
85 307
85 315
85 322
85 323
86 87
86 219
86 222
86 224
86 225
86 227
86 228
86 229
86 239
86 240
86 307
86 312
86 313
86 316
86 317
86 318
86 322
86 323
86 324
86 325
87 220
87 222
87 223
87 224
87 225
87 226
87 227
87 229
87 239
87 241
87 296
87 307
87 322
88 89
88 90
88 94
88 96
88 215
88 216
88 217
88 237
89 90
89 95
89 96
89 218
89 219
89 220
89 221
89 223
89 225
89 226
89 229
89 235
89 236
89 241
89 296
89 307
90 96
90 193
90 215
90 217
90 218
90 221
90 235
90 236
90 237
90 283
90 298
90 331
91 92
91 93
91 120
91 123
91 149
91 153
91 156
91 157
91 160
91 185
92 93
92 118
92 119
92 121
92 122
92 123
92 147
92 154
92 157
92 159
92 163
92 183
92 192
92 234
93 119
93 122
93 123
93 147
93 148
93 149
93 153
93 157
93 160
93 185
93 188
93 192
93 234
93 333
94 95
94 96
94 216
94 221
94 315
94 331
95 96
95 216
95 218
95 219
95 221
95 305
95 306
95 307
95 331
96 215
96 216
96 217
96 218
96 221
96 235
96 237
97 98
97 99
97 125
97 126
97 159
97 164
98 99
98 112
98 118
98 123
98 130
98 132
98 153
98 156
98 159
98 160
98 161
98 162
98 163
98 164
98 165
98 177
98 185
98 193
99 126
99 130
99 132
99 153
99 174
99 177
100 101
100 102
100 105
100 138
100 139
100 210
100 213
101 102
101 138
101 139
101 140
101 213
101 263
101 266
101 268
102 138
102 139
102 140
102 212
102 213
102 214
103 104
103 105
103 106
103 181
103 182
103 207
103 244
104 105
104 107
104 143
104 181
104 182
104 205
104 207
104 244
105 106
105 107
105 108
105 143
105 207
105 253
105 266
106 107
106 108
106 182
106 205
106 207
106 260
106 295
107 108
107 143
107 181
107 207
107 209
107 243
107 244
107 251
107 252
107 260
107 262
107 270
107 276
107 282
107 295
108 143
108 207
108 208
108 209
108 244
108 251
108 260
109 110
109 111
109 112
109 116
109 130
109 131
109 134
109 153
109 165
109 174
109 175
109 176
109 178
110 111
110 112
110 113
110 114
110 128
110 134
110 152
110 153
110 155
110 165
110 166
110 168
110 169
110 172
110 178
111 115
111 117
111 134
111 153
111 165
111 167
111 171
111 176
111 178
112 113
112 114
112 130
112 132
112 134
112 135
112 153
112 165
112 174
112 175
112 176
112 178
113 116
113 128
113 134
113 150
113 151
113 152
113 153
113 157
113 165
113 166
113 168
113 169
113 172
113 175
113 178
114 127
114 129
114 152
114 155
114 165
114 166
114 168
114 170
114 172
114 175
115 116
115 117
115 133
115 134
115 135
115 153
115 165
115 167
115 171
115 178
115 179
115 201
115 335
115 345
115 368
115 371
115 389
115 400
116 117
116 133
116 134
116 135
116 153
116 165
116 167
116 172
116 175
116 176
116 178
117 127
117 129
117 152
117 166
117 167
117 169
117 170
117 171
117 172
117 173
117 176
117 201
117 335
117 350
117 368
118 119
118 120
118 121
118 123
118 125
118 130
118 149
118 153
118 156
118 159
118 160
118 162
118 163
118 183
118 185
119 120
119 123
119 147
119 148
119 159
119 185
120 123
120 147
120 149
120 153
120 154
120 156
120 157
120 159
120 185
121 122
121 123
121 125
121 147
121 153
121 159
121 163
121 183
121 185
121 234
122 123
122 147
122 148
122 150
122 154
122 157
122 159
122 183
122 184
122 185
122 188
122 192
122 200
122 234
122 333
123 130
123 147
123 148
123 149
123 153
123 154
123 156
123 159
123 160
123 161
123 163
123 185
123 188
123 192
124 125
124 126
125 126
125 159
125 162
125 163
125 164
125 183
125 185
126 130
127 128
127 129
127 166
127 167
127 168
127 171
128 129
128 134
128 150
128 152
128 153
128 155
128 166
128 168
128 169
128 170
128 172
128 178
129 152
129 155
129 166
129 168
129 169
129 170
129 172
129 173
130 131
130 132
130 153
130 156
130 159
130 161
130 163
130 164
130 165
130 174
130 177
130 185
131 132
131 133
131 156
131 158
131 165
131 174
131 178
132 153
132 158
132 161
132 165
132 174
132 176
132 177
132 178
132 179
133 134
133 135
133 165
133 176
133 177
133 178
133 179
134 135
134 153
134 155
134 165
134 168
134 171
134 172
134 175
134 176
134 178
135 153
135 165
135 171
135 176
135 178
135 179
135 201
135 341
135 351
135 359
135 368
135 372
135 389
135 401
136 137
136 179
136 201
136 238
136 350
136 373
137 145
137 201
137 203
137 238
137 335
137 355
137 359
137 368
137 373
137 384
137 388
137 389
137 390
138 140
138 212
139 213
139 266
140 213
140 214
140 245
140 247
140 279
141 142
141 143
141 180
141 181
141 182
141 205
141 206
141 251
141 260
142 143
142 181
142 229
142 242
142 243
142 244
142 251
142 252
142 256
142 260
143 181
143 206
143 207
143 214
143 243
143 244
143 245
143 246
143 251
143 253
143 260
144 201
144 238
145 146
145 202
145 334
145 335
145 336
145 347
145 348
145 360
145 365
145 366
145 367
145 374
145 378
145 379
145 381
145 385
145 387
145 388
145 389
145 390
145 391
145 392
145 393
145 399
146 203
146 336
146 347
146 348
146 349
146 362
146 366
146 375
146 376
146 377
146 378
146 379
146 380
146 387
146 390
146 391
146 393
146 398
147 148
147 149
147 154
147 159
147 163
147 183
147 185
148 149
148 150
148 151
148 153
148 154
148 157
148 184
148 185
148 186
148 188
148 192
148 198
148 200
148 305
148 329
148 333
149 153
149 154
149 157
149 159
149 160
149 161
149 163
149 185
150 151
150 152
150 154
150 155
150 157
150 169
150 172
150 183
150 184
150 185
150 187
150 188
150 192
150 194
150 200
150 333
151 152
151 154
151 155
151 166
151 172
151 188
151 190
151 192
151 193
151 194
151 196
151 197
151 199
151 200
151 236
151 305
151 309
151 331
151 333
152 153
152 155
152 157
152 168
152 169
152 170
152 172
152 175
152 178
153 154
153 155
153 156
153 157
153 158
153 159
153 160
153 161
153 162
153 164
153 165
153 168
153 172
153 174
153 176
153 177
153 185
154 155
154 157
154 159
154 172
154 183
154 184
154 185
154 186
154 187
154 188
154 189
154 192
154 194
154 197
154 198
154 199
154 200
154 233
154 234
154 328
154 333
155 166
155 168
155 169
155 170
155 175
155 178
155 192
155 200
156 158
156 159
156 160
156 161
156 163
156 178
156 185
157 158
157 160
157 184
157 185
157 188
157 192
158 165
158 174
158 178
159 161
159 162
159 163
159 164
159 165
159 174
159 185
159 234
160 161
160 163
160 185
161 163
161 174
161 177
162 163
162 164
162 185
163 164
163 165
163 185
163 234
164 177
165 166
165 168
165 172
165 174
165 175
165 176
165 179
166 167
166 168
166 169
166 170
166 172
166 175
167 170
167 171
167 172
167 173
167 350
168 170
168 172
168 175
169 170
169 172
169 175
170 172
170 173
171 172
171 173
171 179
172 173
172 192
172 194
174 175
174 177
174 178
175 176
175 178
176 178
176 179
177 178
177 179
178 179
179 350
179 351
179 370
179 382
179 389
180 181
180 182
180 205
181 182
181 205
181 206
181 207
181 244
181 253
181 260
181 276
182 205
182 211
183 184
183 185
183 192
183 198
183 232
183 234
184 185
184 186
184 187
184 188
184 190
184 192
184 195
184 198
184 200
184 234
184 329
184 331
184 333
185 188
185 192
185 198
185 234
185 333
186 187
186 188
186 189
186 192
186 195
186 198
186 199
186 200
186 233
186 234
186 305
187 188
187 189
187 190
187 192
187 193
187 195
187 196
187 197
187 199
187 200
187 333
188 192
188 200
188 333
189 190
189 192
189 193
189 195
189 196
189 199
189 305
189 329
189 331
189 332
189 333
190 191
190 196
190 197
190 199
190 200
190 233
190 305
190 328
190 329
190 331
190 333
191 193
191 195
191 196
191 197
191 199
191 200
192 193
192 194
192 197
192 198
192 199
192 200
192 232
192 233
192 333
193 194
193 196
193 197
193 199
193 200
193 221
193 233
193 309
193 328
193 331
193 333
194 197
194 200
195 196
195 197
195 198
195 199
195 200
195 233
195 333
196 197
196 199
196 200
196 215
196 221
196 233
196 237
196 305
196 307
196 309
196 328
196 329
196 331
196 333
197 200
197 328
197 333
198 199
198 200
198 232
198 233
198 234
198 329
198 333
199 225
199 233
199 305
199 306
199 319
199 320
199 321
199 328
199 331
199 332
199 333
200 233
200 309
200 328
200 333
201 202
201 203
201 238
201 350
201 359
201 373
201 384
201 389
201 390
202 203
202 335
202 348
202 379
202 390
202 392
203 334
203 335
203 336
203 344
203 347
203 348
203 360
203 366
203 367
203 374
203 375
203 378
203 383
203 385
203 386
203 387
203 388
203 389
203 390
203 391
203 392
203 393
203 399
204 346
204 353
204 354
204 363
204 395
204 396
204 402
204 403
204 404
205 206
205 207
205 244
206 207
207 244
207 253
207 266
208 209
208 210
209 210
212 213
212 214
212 245
212 246
212 272
213 214
213 262
213 266
214 245
214 246
214 247
214 248
214 264
214 265
214 279
215 216
215 217
215 218
215 221
215 237
216 217
216 218
216 219
216 221
216 306
216 307
216 323
216 331
217 218
217 221
217 223
217 235
217 236
217 237
217 307
217 331
218 219
218 221
218 235
218 236
219 220
219 221
219 222
219 224
219 239
219 304
219 305
219 306
219 307
219 315
219 322
219 323
219 331
220 221
220 222
220 223
220 224
220 225
220 226
220 229
220 235
220 236
220 239
220 241
220 296
220 297
221 222
221 223
221 235
221 236
222 223
222 224
222 225
222 226
222 227
222 228
222 239
222 303
222 306
222 307
222 315
223 225
223 226
223 229
223 236
223 239
223 241
223 257
223 288
223 291
223 296
223 298
223 307
223 311
223 315
223 319
223 322
223 325
224 225
224 226
224 239
224 315
225 226
225 227
225 228
225 229
225 239
225 241
225 296
225 310
225 315
225 317
225 319
225 325
226 229
226 236
226 241
226 257
226 296
226 298
226 311
226 315
226 319
226 322
226 325
227 228
227 229
227 239
227 307
227 315
228 229
228 239
228 240
228 241
228 296
228 312
228 315
228 318
228 323
228 324
229 241
229 257
229 258
229 289
229 292
229 296
229 297
229 298
229 301
229 302
229 307
229 311
229 315
229 317
229 319
229 322
229 325
229 332
230 296
232 233
232 234
233 234
233 329
233 331
235 236
235 237
235 298
235 307
236 237
236 257
236 288
236 289
236 298
236 315
237 251
237 254
237 255
237 257
237 269
237 274
237 293
237 298
237 300
237 331
238 358
238 359
238 384
239 240
239 241
239 257
239 296
239 307
239 311
239 315
239 319
239 322
239 323
239 325
240 241
240 311
240 312
240 315
240 316
240 317
240 318
240 321
240 322
240 323
240 324
240 325
240 327
241 258
241 291
241 296
241 297
241 307
241 311
241 314
241 317
241 319
241 322
241 325
242 243
242 244
242 251
242 299
242 319
243 244
243 251
243 252
243 253
243 261
243 276
244 251
244 253
245 246
245 247
245 265
245 279
245 287
246 247
246 282
247 265
247 271
247 279
247 287
num_second_level_neighbors 9626
0 22
0 23
0 29
0 31
0 32
0 46
0 47
0 50
0 56
0 58
0 59
0 65
0 67
0 68
0 105
0 107
0 108
0 142
0 211
0 214
0 237
0 242
0 243
0 245
0 246
0 252
0 253
0 256
0 260
0 266
0 276
0 290
0 295
1 3
1 10
1 11
1 12
1 22
1 23
1 26
1 29
1 30
1 31
1 32
1 33
1 41
1 46
1 48
1 49
1 50
1 51
1 56
1 58
1 59
1 65
1 82
1 103
1 104
1 105
1 106
1 108
1 180
1 182
1 205
1 207
1 209
1 214
1 229
1 237
1 245
1 246
1 261
1 262
1 266
1 270
1 282
1 284
1 289
1 295
1 299
1 319
2 3
2 4
2 10
2 11
2 14
2 19
2 20
2 24
2 25
2 26
2 28
2 30
2 33
2 34
2 37
2 38
2 40
2 41
2 48
2 49
2 51
2 55
2 57
2 58
2 59
2 60
2 61
2 62
2 64
2 65
2 67
2 68
2 82
2 100
2 141
2 142
2 180
2 182
2 205
2 208
2 209
2 210
2 211
2 213
2 214
2 237
2 242
2 243
2 245
2 246
2 249
2 252
2 256
2 259
2 262
2 263
2 266
2 267
2 270
2 275
2 276
2 280
2 281
2 282
2 283
2 284
2 285
2 290
2 295
3 10
3 12
3 46
3 47
3 58
3 68
3 76
3 78
3 84
3 88
3 90
3 96
3 103
3 104
3 105
3 106
3 107
3 108
3 142
3 143
3 182
3 196
3 207
3 215
3 217
3 218
3 221
3 235
3 236
3 242
3 243
3 244
3 253
3 254
3 255
3 257
3 260
3 269
3 274
3 276
3 293
3 298
3 300
3 331
4 10
4 11
4 12
4 23
4 29
4 31
4 32
4 46
4 47
4 50
4 51
4 56
4 58
4 65
4 68
4 103
4 104
4 105
4 106
4 107
4 108
4 180
4 182
4 205
4 207
4 214
4 229
4 237
4 243
4 245
4 246
4 251
4 252
4 253
4 256
4 276
4 289
4 290
4 299
4 319
5 10
5 11
5 19
5 22
5 23
5 24
5 25
5 28
5 29
5 30
5 31
5 32
5 34
5 40
5 41
5 47
5 48
5 49
5 50
5 51
5 55
5 56
5 57
5 58
5 59
5 60
5 61
5 62
5 64
5 65
5 67
5 68
5 100
5 107
5 142
5 180
5 208
5 209
5 210
5 211
5 214
5 237
5 242
5 243
5 244
5 245
5 246
5 251
5 252
5 253
5 256
5 263
5 266
5 276
5 290
5 295
6 115
6 117
6 135
6 146
6 167
6 179
6 336
6 344
6 348
6 355
6 358
6 360
6 362
6 365
6 367
6 373
6 374
6 375
6 378
6 379
6 381
6 383
6 384
6 385
6 387
6 388
6 391
6 393
6 399
7 8
7 115
7 117
7 136
7 137
7 144
7 201
7 238
7 336
7 344
7 347
7 349
7 350
7 359
7 365
7 367
7 368
7 374
7 375
7 376
7 377
7 378
7 380
7 381
7 383
7 385
7 386
7 387
7 388
7 389
7 398
7 399
8 81
8 111
8 115
8 116
8 127
8 129
8 132
8 133
8 134
8 135
8 136
8 146
8 152
8 153
8 165
8 166
8 167
8 169
8 170
8 171
8 172
8 173
8 176
8 177
8 178
8 201
8 204
8 335
8 337
8 338
8 339
8 340
8 342
8 343
8 345
8 350
8 351
8 352
8 354
8 356
8 368
8 370
8 382
8 389
8 394
8 395
8 396
8 402
9 117
9 135
9 179
9 346
9 349
9 362
9 364
9 376
9 377
9 397
9 403
9 404
10 22
10 31
10 46
10 47
10 56
10 59
10 67
10 69
10 104
10 105
10 107
10 108
10 142
10 143
10 181
10 206
10 207
10 211
10 242
10 244
10 251
10 260
10 295
11 46
11 47
11 67
11 68
11 69
11 103
11 104
11 105
11 106
11 107
11 108
11 142
11 143
11 205
11 206
11 207
11 211
11 237
11 242
11 244
11 251
11 253
11 260
11 276
12 19
12 22
12 23
12 24
12 25
12 28
12 29
12 30
12 31
12 32
12 34
12 40
12 41
12 47
12 48
12 49
12 50
12 55
12 56
12 57
12 58
12 59
12 60
12 61
12 62
12 64
12 65
12 67
12 68
12 69
12 100
12 107
12 142
12 143
12 180
12 206
12 208
12 209
12 210
12 214
12 242
12 244
12 251
12 253
12 260
12 263
12 266
12 276
12 295
13 16
13 17
13 18
13 20
13 21
13 22
13 23
13 24
13 26
13 28
13 29
13 31
13 32
13 33
13 36
13 38
13 40
13 46
13 47
13 48
13 49
13 50
13 51
13 52
13 53
13 56
13 57
13 58
13 59
13 60
13 61
13 64
13 65
13 105
13 143
13 208
13 209
13 210
13 245
13 246
13 247
13 248
13 253
13 262
13 263
13 264
13 265
13 266
13 267
13 268
13 272
13 277
13 279
13 280
13 282
13 285
13 287
14 17
14 18
14 19
14 21
14 22
14 23
14 24
14 28
14 34
14 36
14 37
14 39
14 40
14 41
14 42
14 46
14 47
14 52
14 53
14 56
14 57
14 58
14 59
14 60
14 61
14 62
14 63
14 64
14 102
14 105
14 106
14 107
14 108
14 143
14 207
14 208
14 209
14 212
14 245
14 247
14 248
14 249
14 250
14 253
14 259
14 260
14 262
14 264
14 272
14 275
14 276
14 279
14 281
14 283
14 287
14 294
14 295
15 16
15 22
15 23
15 24
15 25
15 26
15 28
15 29
15 31
15 32
15 33
15 37
15 38
15 40
15 41
15 43
15 44
15 45
15 46
15 48
15 49
15 50
15 51
15 54
15 56
15 57
15 59
15 60
15 61
15 62
15 64
15 65
15 100
15 101
15 105
15 138
15 139
15 143
15 208
15 210
15 245
15 248
15 253
15 262
15 263
15 264
15 266
15 267
15 268
15 271
15 272
15 278
15 279
15 280
15 282
15 286
16 19
16 21
16 27
16 30
16 35
16 36
16 39
16 42
16 53
16 54
16 60
16 63
16 66
16 102
16 105
16 138
16 140
16 143
16 212
16 214
16 246
16 247
16 265
16 272
16 279
16 282
16 287
17 20
17 25
17 26
17 27
17 30
17 37
17 38
17 40
17 41
17 43
17 44
17 45
17 54
17 56
17 60
17 61
17 62
17 64
17 65
17 100
17 101
17 105
17 138
17 139
17 140
17 143
17 213
17 248
17 263
17 264
17 265
17 266
17 268
17 271
17 272
17 277
17 278
17 279
17 282
17 285
17 286
18 20
18 21
18 27
18 30
18 35
18 39
18 42
18 60
18 63
18 66
18 102
18 105
18 138
18 140
18 143
18 212
18 213
18 214
18 246
18 265
18 271
18 272
18 273
18 277
18 278
18 279
18 282
18 285
18 287
19 22
19 23
19 25
19 26
19 27
19 30
19 32
19 33
19 37
19 38
19 40
19 41
19 43
19 44
19 45
19 46
19 48
19 51
19 54
19 56
19 59
19 60
19 61
19 62
19 64
19 65
19 100
19 101
19 103
19 104
19 106
19 107
19 108
19 138
19 139
19 143
19 207
19 213
19 248
19 253
19 263
19 264
19 266
19 268
19 271
19 272
19 278
19 279
19 282
19 286
20 22
20 23
20 24
20 25
20 28
20 29
20 31
20 34
20 36
20 37
20 39
20 40
20 41
20 42
20 43
20 44
20 45
20 46
20 47
20 49
20 50
20 51
20 52
20 54
20 56
20 57
20 58
20 59
20 60
20 61
20 62
20 63
20 64
20 65
20 66
20 100
20 102
20 105
20 107
20 138
20 143
20 207
20 208
20 209
20 210
20 212
20 213
20 245
20 247
20 248
20 249
20 250
20 253
20 259
20 260
20 262
20 267
20 271
20 272
20 275
20 276
20 278
20 279
20 280
20 281
20 283
20 286
20 294
20 295
21 25
21 26
21 30
21 32
21 33
21 34
21 37
21 38
21 39
21 42
21 44
21 45
21 48
21 51
21 52
21 54
21 56
21 63
21 66
21 101
21 102
21 105
21 138
21 139
21 143
21 212
21 213
21 245
21 248
21 263
21 266
21 268
21 271
21 282
21 285
22 26
22 27
22 29
22 32
22 33
22 34
22 37
22 38
22 39
22 40
22 42
22 43
22 44
22 45
22 47
22 48
22 49
22 50
22 60
22 63
22 65
22 66
22 69
22 101
22 102
22 103
22 104
22 107
22 138
22 139
22 143
22 181
22 182
22 205
22 206
22 207
22 209
22 210
22 212
22 213
22 214
22 244
22 246
22 249
22 251
22 253
22 260
22 263
22 266
22 267
22 282
22 285
22 295
23 26
23 27
23 33
23 34
23 36
23 37
23 38
23 40
23 41
23 43
23 44
23 45
23 51
23 55
23 57
23 58
23 60
23 61
23 63
23 66
23 68
23 69
23 82
23 101
23 102
23 103
23 104
23 106
23 138
23 139
23 141
23 142
23 143
23 181
23 205
23 206
23 211
23 212
23 213
23 214
23 243
23 244
23 246
23 249
23 251
23 252
23 259
23 262
23 263
23 266
23 267
23 270
23 275
23 276
23 280
23 281
23 283
23 284
23 285
23 295
24 26
24 27
24 29
24 32
24 33
24 34
24 35
24 38
24 39
24 40
24 42
24 43
24 44
24 45
24 47
24 48
24 49
24 50
24 55
24 56
24 58
24 60
24 61
24 63
24 66
24 101
24 102
24 103
24 105
24 106
24 107
24 108
24 138
24 139
24 143
24 207
24 209
24 211
24 212
24 213
24 214
24 244
24 246
24 249
24 253
24 260
24 263
24 266
24 267
24 282
25 32
25 33
25 34
25 35
25 36
25 39
25 40
25 42
25 47
25 49
25 50
25 51
25 55
25 57
25 60
25 69
25 102
25 103
25 104
25 105
25 106
25 107
25 108
25 138
25 140
25 143
25 207
25 211
25 212
25 214
25 244
25 245
25 246
25 247
25 249
25 253
25 260
25 262
25 263
25 265
25 267
25 268
25 275
25 277
25 280
25 285
25 294
25 295
26 28
26 34
26 36
26 37
26 39
26 40
26 41
26 42
26 43
26 44
26 45
26 46
26 47
26 50
26 53
26 56
26 57
26 58
26 59
26 60
26 61
26 63
26 64
26 66
26 68
26 69
26 100
26 102
26 105
26 106
26 107
26 108
26 138
26 140
26 143
26 181
26 207
26 208
26 209
26 212
26 213
26 214
26 243
26 244
26 245
26 246
26 247
26 249
26 250
26 259
26 260
26 264
26 265
26 272
26 276
26 280
26 281
26 283
26 287
27 28
27 29
27 31
27 32
27 33
27 36
27 37
27 40
27 41
27 42
27 43
27 46
27 47
27 49
27 50
27 51
27 52
27 53
27 54
27 56
27 57
27 58
27 59
27 60
27 61
27 62
27 63
27 64
27 65
27 66
27 100
27 105
27 107
27 143
27 207
27 208
27 209
27 210
27 246
27 248
27 253
27 262
27 264
27 267
27 271
27 272
27 275
27 278
27 279
27 280
27 282
27 286
27 287
27 294
27 295
28 32
28 33
28 34
28 35
28 37
28 38
28 39
28 40
28 42
28 43
28 44
28 45
28 47
28 50
28 51
28 55
28 58
28 60
28 61
28 63
28 66
28 101
28 102
28 103
28 104
28 105
28 106
28 107
28 138
28 139
28 143
28 207
28 211
28 212
28 213
28 214
28 244
28 246
28 249
28 251
28 253
28 260
28 262
28 263
28 267
28 282
28 285
28 295
29 34
29 35
29 36
29 37
29 38
29 40
29 41
29 43
29 44
29 45
29 55
29 56
29 57
29 58
29 59
29 60
29 61
29 63
29 64
29 66
29 68
29 69
29 82
29 100
29 101
29 103
29 104
29 105
29 106
29 138
29 139
29 140
29 141
29 142
29 181
29 206
29 207
29 208
29 212
29 213
29 214
29 242
29 243
29 244
29 245
29 246
29 249
29 250
29 251
29 252
29 259
29 263
29 265
29 267
29 268
29 270
29 272
29 275
29 276
29 277
29 280
29 281
29 283
29 284
29 285
29 294
30 32
30 35
30 36
30 39
30 42
30 45
30 47
30 49
30 50
30 51
30 52
30 53
30 55
30 56
30 58
30 68
30 69
30 102
30 103
30 105
30 106
30 107
30 108
30 140
30 143
30 181
30 207
30 209
30 211
30 243
30 244
30 245
30 246
30 247
30 248
30 249
30 250
30 260
30 262
30 264
30 265
30 267
30 268
30 272
30 275
30 277
30 279
30 280
30 282
30 285
30 287
30 294
30 295
31 34
31 35
31 36
31 37
31 39
31 40
31 41
31 43
31 44
31 45
31 51
31 55
31 56
31 57
31 60
31 63
31 66
31 68
31 69
31 82
31 100
31 101
31 102
31 103
31 104
31 105
31 138
31 139
31 140
31 141
31 142
31 143
31 181
31 182
31 205
31 206
31 211
31 212
31 214
31 243
31 244
31 246
31 250
31 251
31 252
31 259
31 262
31 263
31 265
31 268
31 270
31 275
31 276
31 277
31 280
31 281
31 283
31 284
31 285
31 294
31 295
32 34
32 35
32 36
32 37
32 39
32 41
32 43
32 44
32 45
32 46
32 53
32 56
32 58
32 59
32 60
32 61
32 63
32 64
32 66
32 68
32 69
32 82
32 90
32 100
32 101
32 102
32 103
32 104
32 105
32 106
32 108
32 138
32 139
32 140
32 141
32 142
32 181
32 206
32 207
32 208
32 209
32 210
32 213
32 214
32 242
32 243
32 244
32 245
32 246
32 249
32 250
32 251
32 252
32 264
32 265
32 268
32 270
32 272
32 277
32 284
32 285
32 287
32 294
33 34
33 35
33 36
33 37
33 39
33 40
33 41
33 43
33 44
33 45
33 46
33 47
33 49
33 50
33 52
33 53
33 56
33 57
33 58
33 59
33 60
33 61
33 62
33 63
33 64
33 66
33 68
33 69
33 100
33 102
33 105
33 106
33 107
33 108
33 138
33 139
33 140
33 143
33 181
33 207
33 208
33 209
33 210
33 212
33 213
33 214
33 243
33 244
33 245
33 246
33 247
33 259
33 260
33 264
33 272
33 275
33 276
33 277
33 280
33 281
33 283
33 287
33 295
34 37
34 38
34 40
34 41
34 43
34 44
34 45
34 46
34 48
34 49
34 50
34 51
34 54
34 56
34 57
34 58
34 59
34 61
34 62
34 64
34 65
34 100
34 101
34 103
34 104
34 106
34 107
34 108
34 139
34 143
34 207
34 208
34 210
34 213
34 247
34 248
34 253
34 263
34 264
34 266
34 268
34 271
34 272
34 277
34 278
34 279
34 285
34 287
35 38
35 40
35 41
35 43
35 44
35 45
35 46
35 47
35 48
35 49
35 50
35 51
35 52
35 54
35 56
35 58
35 60
35 61
35 62
35 63
35 64
35 65
35 100
35 101
35 102
35 105
35 138
35 139
35 143
35 207
35 210
35 245
35 247
35 248
35 253
35 262
35 267
35 271
35 272
35 275
35 278
35 279
35 280
35 282
35 286
35 287
35 294
35 295
36 37
36 39
36 40
36 41
36 48
36 49
36 50
36 51
36 56
36 60
36 63
36 66
36 101
36 102
36 105
36 107
36 138
36 139
36 143
36 212
36 213
36 248
36 263
36 264
36 266
36 268
36 271
36 272
36 273
36 277
36 278
36 285
36 286
37 44
37 45
37 46
37 47
37 48
37 49
37 50
37 53
37 55
37 57
37 59
37 65
37 69
37 101
37 103
37 104
37 105
37 106
37 108
37 139
37 140
37 143
37 207
37 208
37 209
37 210
37 211
37 214
37 244
37 245
37 247
37 253
37 262
37 263
37 264
37 265
37 266
37 268
37 272
37 277
37 282
37 285
37 287
38 40
38 41
38 42
38 46
38 47
38 48
38 49
38 50
38 51
38 53
38 56
38 57
38 58
38 59
38 60
38 61
38 63
38 64
38 105
38 106
38 107
38 108
38 140
38 143
38 207
38 208
38 209
38 212
38 214
38 245
38 246
38 247
38 249
38 250
38 253
38 259
38 260
38 262
38 263
38 264
38 265
38 267
38 268
38 275
38 276
38 277
38 280
38 281
38 282
38 283
38 285
38 287
38 294
38 295
39 40
39 43
39 44
39 45
39 46
39 47
39 48
39 50
39 52
39 53
39 56
39 57
39 58
39 59
39 60
39 61
39 62
39 64
39 65
39 100
39 101
39 105
39 139
39 143
39 208
39 210
39 246
39 247
39 248
39 262
39 263
39 264
39 265
39 266
39 268
39 272
39 277
39 279
39 282
39 285
39 287
40 43
40 44
40 45
40 47
40 48
40 49
40 50
40 53
40 55
40 56
40 59
40 62
40 63
40 65
40 66
40 69
40 100
40 101
40 102
40 103
40 105
40 106
40 107
40 108
40 139
40 140
40 207
40 209
40 210
40 211
40 212
40 213
40 214
40 244
40 245
40 246
40 253
40 263
40 266
41 43
41 45
41 48
41 49
41 51
41 53
41 55
41 58
41 68
41 69
41 82
41 101
41 102
41 103
41 104
41 105
41 106
41 107
41 108
41 139
41 140
41 143
41 181
41 207
41 209
41 211
41 214
41 243
41 244
41 245
41 246
41 251
41 253
41 260
41 262
41 263
41 266
41 272
41 280
41 282
41 285
41 295
42 43
42 44
42 45
42 46
42 47
42 50
42 52
42 54
42 56
42 57
42 58
42 59
42 61
42 62
42 64
42 65
42 100
42 101
42 105
42 139
42 143
42 208
42 210
42 213
42 246
42 247
42 248
42 263
42 264
42 265
42 266
42 268
42 271
42 272
42 277
42 278
42 279
42 282
42 285
42 287
43 46
43 47
43 48
43 49
43 50
43 51
43 56
43 57
43 58
43 59
43 60
43 61
43 63
43 64
43 101
43 102
43 105
43 107
43 108
43 139
43 140
43 143
43 208
43 209
43 210
43 212
43 213
43 214
43 245
43 246
43 253
43 260
43 263
43 265
43 266
43 267
43 268
43 277
43 280
43 282
43 285
44 46
44 47
44 48
44 49
44 50
44 51
44 56
44 57
44 58
44 59
44 60
44 61
44 63
44 64
44 102
44 105
44 107
44 108
44 140
44 143
44 208
44 209
44 212
44 213
44 214
44 245
44 246
44 247
44 253
44 260
44 263
44 265
44 266
44 267
44 268
44 277
44 280
44 282
44 285
45 46
45 48
45 49
45 50
45 51
45 56
45 58
45 59
45 60
45 61
45 62
45 63
45 64
45 65
45 66
45 105
45 140
45 208
45 209
45 210
45 212
45 213
45 214
45 245
45 246
45 247
45 263
45 265
45 266
45 267
45 268
45 277
45 280
45 282
45 285
46 49
46 50
46 51
46 63
46 66
46 68
46 69
46 82
46 101
46 102
46 104
46 138
46 139
46 141
46 142
46 143
46 181
46 182
46 205
46 206
46 211
46 212
46 213
46 214
46 242
46 243
46 246
46 249
46 251
46 252
46 253
46 260
46 262
46 266
46 267
46 270
46 276
46 282
46 284
46 285
46 295
47 49
47 51
47 55
47 57
47 58
47 59
47 60
47 61
47 62
47 63
47 64
47 66
47 67
47 72
47 78
47 83
47 84
47 85
47 86
47 87
47 89
47 100
47 101
47 103
47 105
47 138
47 139
47 141
47 142
47 180
47 182
47 205
47 206
47 208
47 210
47 211
47 212
47 213
47 214
47 217
47 218
47 220
47 221
47 222
47 223
47 224
47 226
47 229
47 235
47 236
47 237
47 239
47 242
47 245
47 246
47 249
47 252
47 256
47 257
47 259
47 261
47 262
47 263
47 267
47 270
47 275
47 276
47 280
47 281
47 282
47 283
47 284
47 285
47 290
47 295
47 296
47 298
47 307
47 311
47 315
47 319
47 325
48 53
48 55
48 56
48 57
48 58
48 59
48 60
48 61
48 63
48 64
48 66
48 68
48 69
48 82
48 100
48 101
48 102
48 103
48 104
48 105
48 106
48 108
48 138
48 139
48 140
48 143
48 181
48 207
48 208
48 212
48 213
48 214
48 243
48 244
48 245
48 246
48 247
48 249
48 250
48 251
48 252
48 259
48 260
48 262
48 264
48 265
48 268
48 270
48 272
48 275
48 276
48 277
48 280
48 281
48 283
48 284
48 285
48 287
48 294
48 295
49 55
49 56
49 57
49 58
49 59
49 60
49 61
49 63
49 66
49 68
49 69
49 100
49 101
49 104
49 105
49 106
49 138
49 139
49 140
49 143
49 181
49 207
49 208
49 209
49 210
49 211
49 213
49 214
49 243
49 244
49 246
49 249
49 251
49 252
49 253
49 259
49 260
49 263
49 265
49 266
49 267
49 268
49 270
49 272
49 275
49 276
49 277
49 280
49 281
49 283
49 284
49 285
49 294
49 295
50 56
50 57
50 58
50 59
50 60
50 61
50 63
50 64
50 66
50 68
50 69
50 82
50 100
50 101
50 103
50 104
50 105
50 106
50 108
50 138
50 139
50 140
50 141
50 142
50 143
50 181
50 206
50 207
50 208
50 209
50 210
50 212
50 213
50 214
50 243
50 244
50 246
50 249
50 251
50 252
50 259
50 263
50 265
50 267
50 268
50 270
50 272
50 275
50 276
50 277
50 281
50 283
50 284
50 285
50 294
51 52
51 53
51 54
51 56
51 58
51 62
51 64
51 65
51 66
51 68
51 69
51 100
51 101
51 105
51 106
51 107
51 108
51 138
51 139
51 140
51 141
51 142
51 143
51 181
51 207
51 209
51 210
51 212
51 213
51 214
51 243
51 244
51 245
51 246
51 247
51 249
51 250
51 259
51 268
51 275
51 276
51 277
51 280
51 281
51 283
51 285
51 295
52 60
52 63
52 66
52 102
52 105
52 138
52 140
52 143
52 212
52 213
52 214
52 246
52 271
52 273
52 277
52 278
52 282
52 285
52 287
53 56
53 60
53 63
53 66
53 101
53 102
53 105
53 138
53 139
53 140
53 143
53 212
53 213
53 248
53 263
53 264
53 266
53 268
53 273
53 282
53 285
53 286
54 140
54 212
54 214
54 245
54 246
54 265
54 277
54 282
54 287
55 59
55 60
55 62
55 63
55 65
55 66
55 69
55 100
55 103
55 104
55 105
55 106
55 107
55 108
55 182
55 207
55 208
55 209
55 210
55 244
55 246
55 263
55 266
55 285
56 58
56 60
56 63
56 65
56 66
56 68
56 69
56 82
56 101
56 102
56 107
56 138
56 139
56 142
56 143
56 181
56 182
56 205
56 206
56 209
56 210
56 212
56 213
56 214
56 242
56 243
56 245
56 247
56 251
56 253
56 260
56 263
56 282
56 287
56 295
57 62
57 63
57 65
57 66
57 69
57 100
57 101
57 103
57 104
57 105
57 106
57 107
57 108
57 138
57 139
57 207
57 209
57 210
57 211
57 212
57 213
57 214
57 244
57 246
57 253
57 263
57 266
57 285
58 62
58 63
58 65
58 66
58 67
58 68
58 100
58 101
58 102
58 103
58 105
58 106
58 107
58 138
58 139
58 141
58 142
58 143
58 181
58 206
58 207
58 209
58 210
58 211
58 212
58 213
58 242
58 244
58 246
58 249
58 251
58 253
58 260
58 263
58 267
58 282
59 63
59 65
59 66
59 68
59 69
59 101
59 102
59 103
59 104
59 138
59 139
59 143
59 181
59 182
59 205
59 207
59 209
59 210
59 211
59 212
59 213
59 214
59 243
59 244
59 246
59 249
59 251
59 252
59 253
59 260
59 262
59 263
59 266
59 267
59 270
59 276
59 282
59 284
59 285
59 295
60 65
60 69
60 100
60 101
60 102
60 103
60 105
60 106
60 107
60 108
60 139
60 140
60 207
60 209
60 210
60 211
60 213
60 214
60 244
60 245
60 246
60 253
60 263
60 265
60 266
60 272
60 282
61 65
61 66
61 69
61 100
61 101
61 102
61 103
61 104
61 106
61 107
61 138
61 139
61 143
61 207
61 209
61 210
61 211
61 212
61 213
61 214
61 244
61 245
61 246
61 249
61 251
61 253
61 260
61 263
61 266
61 267
61 282
61 285
62 101
62 102
62 103
62 104
62 105
62 106
62 107
62 108
62 138
62 139
62 140
62 143
62 207
62 209
62 211
62 212
62 214
62 244
62 245
62 246
62 249
62 253
62 259
62 260
62 262
62 263
62 267
62 268
62 275
62 276
62 277
62 280
62 281
62 282
62 283
62 285
62 294
62 295
63 64
63 65
63 100
63 101
63 105
63 108
63 139
63 140
63 143
63 208
63 209
63 210
63 246
63 247
63 248
63 253
63 262
63 263
63 264
63 265
63 266
63 272
63 277
63 279
63 282
63 285
63 287
64 69
64 101
64 102
64 103
64 104
64 106
64 107
64 138
64 139
64 143
64 182
64 207
64 212
64 213
64 214
64 244
64 245
64 246
64 249
64 251
64 253
64 260
64 262
64 263
64 267
64 282
64 285
65 68
65 69
65 82
65 102
65 103
65 104
65 105
65 106
65 140
65 141
65 142
65 181
65 206
65 207
65 211
65 212
65 213
65 214
65 242
65 243
65 244
65 245
65 246
65 249
65 250
65 251
65 252
65 259
65 262
65 263
65 265
65 267
65 268
65 270
65 275
65 276
65 277
65 280
65 281
65 282
65 283
65 284
65 285
65 294
65 295
66 105
66 107
66 108
66 139
66 140
66 143
66 208
66 209
66 210
66 211
66 247
66 248
66 253
66 260
66 262
66 263
66 264
66 265
66 266
66 267
66 268
66 272
66 277
66 279
66 280
66 282
66 285
66 287
67 103
67 104
67 107
67 108
67 143
67 182
67 205
67 206
67 207
67 229
67 237
67 243
67 244
67 252
67 253
67 256
67 260
67 276
67 289
67 290
67 295
67 299
67 319
68 82
68 103
68 104
68 105
68 106
68 108
68 141
68 180
68 182
68 205
68 206
68 207
68 209
68 214
68 229
68 237
68 245
68 246
68 261
68 262
68 266
68 270
68 282
68 284
68 289
68 290
68 299
68 319
69 82
69 104
69 105
69 106
69 108
69 180
69 182
69 205
69 208
69 209
69 211
69 214
69 229
69 237
69 243
69 245
69 246
69 252
69 256
69 260
69 262
69 266
69 270
69 276
69 282
69 284
69 289
69 290
69 295
69 299
69 319
70 74
70 76
70 82
70 83
70 84
70 87
70 88
70 89
70 90
70 94
70 95
70 96
70 98
70 148
70 151
70 184
70 186
70 187
70 189
70 190
70 191
70 192
70 194
70 196
70 197
70 199
70 200
70 215
70 217
70 218
70 220
70 221
70 223
70 224
70 225
70 226
70 227
70 228
70 229
70 233
70 235
70 236
70 237
70 240
70 241
70 257
70 288
70 291
70 296
70 297
70 298
70 303
70 309
70 311
70 312
70 313
70 316
70 317
70 318
70 319
70 321
70 324
70 325
70 328
70 333
71 74
71 76
71 77
71 78
71 82
71 83
71 85
71 86
71 87
71 89
71 94
71 96
71 189
71 193
71 196
71 199
71 216
71 217
71 218
71 220
71 221
71 222
71 223
71 224
71 225
71 226
71 227
71 229
71 230
71 235
71 236
71 239
71 241
71 291
71 297
71 298
71 305
71 311
71 314
71 316
71 317
71 319
71 325
71 327
71 331
72 74
72 77
72 78
72 84
72 89
72 90
72 94
72 95
72 142
72 189
72 193
72 196
72 199
72 216
72 217
72 218
72 221
72 226
72 230
72 231
72 235
72 236
72 237
72 242
72 257
72 258
72 274
72 288
72 289
72 292
72 301
72 302
72 303
72 304
72 305
72 306
72 308
72 310
72 311
72 313
72 314
72 316
72 318
72 320
72 321
72 324
72 326
72 327
72 330
72 331
73 76
73 77
73 79
73 92
73 93
73 118
73 121
73 122
73 125
73 147
73 148
73 150
73 151
73 154
73 157
73 159
73 163
73 185
73 187
73 188
73 190
73 191
73 192
73 193
73 196
73 197
73 200
73 225
73 232
73 234
73 305
73 306
73 309
73 319
73 320
73 321
73 328
73 329
73 331
73 332
74 76
74 78
74 83
74 85
74 89
74 90
74 93
74 94
74 95
74 96
74 122
74 148
74 150
74 151
74 154
74 157
74 183
74 185
74 186
74 187
74 188
74 191
74 192
74 193
74 197
74 198
74 200
74 215
74 216
74 217
74 219
74 221
74 225
74 229
74 232
74 234
74 237
74 306
74 307
74 315
74 319
74 320
74 321
74 323
75 76
75 77
75 78
75 83
75 85
75 92
75 93
75 122
75 123
75 148
75 150
75 151
75 154
75 155
75 157
75 172
75 183
75 184
75 185
75 188
75 190
75 193
75 194
75 197
75 215
75 221
75 225
75 232
75 233
75 234
75 237
75 305
75 306
75 307
75 309
75 319
75 320
75 321
75 328
75 329
75 331
75 332
76 80
76 82
76 83
76 84
76 85
76 89
76 90
76 93
76 98
76 113
76 122
76 148
76 150
76 152
76 154
76 155
76 166
76 169
76 172
76 184
76 185
76 186
76 187
76 188
76 189
76 191
76 192
76 194
76 195
76 197
76 198
76 199
76 200
76 217
76 219
76 220
76 222
76 223
76 226
76 233
76 235
76 236
76 251
76 254
76 255
76 257
76 269
76 274
76 288
76 293
76 296
76 298
76 300
76 306
76 307
76 309
76 315
76 320
76 323
76 329
76 332
77 82
77 83
77 84
77 86
77 87
77 88
77 90
77 92
77 93
77 94
77 96
77 119
77 122
77 123
77 147
77 149
77 150
77 151
77 153
77 154
77 157
77 184
77 185
77 186
77 187
77 188
77 189
77 190
77 191
77 192
77 193
77 195
77 197
77 198
77 200
77 215
77 217
77 218
77 220
77 222
77 223
77 224
77 225
77 226
77 227
77 228
77 229
77 233
77 234
77 235
77 236
77 237
77 239
77 240
77 241
77 257
77 288
77 296
77 298
77 304
77 308
77 309
77 319
77 320
77 321
77 322
77 328
77 329
77 330
77 333
78 83
78 86
78 87
78 94
78 148
78 151
78 184
78 187
78 189
78 190
78 191
78 193
78 195
78 197
78 199
78 200
78 222
78 223
78 224
78 225
78 226
78 227
78 228
78 229
78 230
78 231
78 233
78 235
78 239
78 241
78 251
78 254
78 255
78 269
78 274
78 283
78 289
78 293
78 297
78 300
78 304
78 305
78 306
78 308
78 309
78 311
78 315
78 319
78 320
78 322
78 323
78 325
78 328
78 329
78 330
78 332
78 333
79 92
79 93
79 97
79 110
79 111
79 113
79 114
79 115
79 117
79 119
79 122
79 124
79 125
79 126
79 128
79 133
79 134
79 135
79 147
79 148
79 150
79 151
79 152
79 155
79 164
79 166
79 167
79 168
79 169
79 170
79 172
79 176
79 179
79 184
79 186
79 187
79 188
79 189
79 192
79 193
79 194
79 195
79 197
79 198
79 199
79 200
79 232
79 233
79 234
79 328
79 333
80 91
80 92
80 93
80 98
80 99
80 109
80 111
80 115
80 117
80 118
80 120
80 121
80 122
80 123
80 127
80 129
80 130
80 131
80 132
80 133
80 135
80 147
80 148
80 156
80 158
80 159
80 160
80 161
80 162
80 163
80 164
80 167
80 170
80 171
80 173
80 174
80 176
80 177
80 179
80 183
80 184
80 185
80 186
80 187
80 188
80 189
80 190
80 192
80 193
80 194
80 195
80 196
80 197
80 198
80 199
80 200
80 233
80 234
80 236
80 305
80 309
80 328
80 331
80 333
81 91
81 93
81 98
81 99
81 117
81 118
81 120
81 121
81 123
81 127
81 128
81 129
81 130
81 136
81 148
81 149
81 150
81 151
81 154
81 155
81 156
81 157
81 159
81 160
81 161
81 162
81 163
81 164
81 169
81 171
81 172
81 173
81 183
81 185
81 201
81 335
81 341
81 345
81 350
81 351
81 359
81 368
81 369
81 370
81 371
81 372
81 382
81 389
81 400
81 401
82 88
82 90
82 94
82 95
82 96
82 104
82 106
82 107
82 108
82 142
82 143
82 151
82 181
82 193
82 196
82 199
82 207
82 209
82 215
82 216
82 219
82 225
82 227
82 228
82 230
82 231
82 237
82 240
82 241
82 242
82 243
82 244
82 251
82 253
82 258
82 260
82 266
82 274
82 288
82 289
82 291
82 292
82 297
82 301
82 302
82 303
82 304
82 306
82 312
82 313
82 316
82 317
82 318
82 322
82 323
82 324
82 331
82 332
83 85
83 86
83 89
83 90
83 96
83 142
83 151
83 184
83 187
83 189
83 190
83 191
83 193
83 195
83 197
83 199
83 200
83 215
83 217
83 218
83 219
83 221
83 222
83 224
83 227
83 228
83 230
83 231
83 233
83 235
83 236
83 237
83 239
83 240
83 242
83 288
83 289
83 291
83 292
83 301
83 302
83 305
83 307
83 309
83 310
83 312
83 314
83 315
83 323
83 326
83 328
83 329
83 331
83 332
83 333
84 85
84 86
84 87
84 88
84 94
84 95
84 96
84 142
84 151
84 193
84 196
84 199
84 215
84 216
84 219
84 222
84 224
84 225
84 229
84 231
84 239
84 240
84 241
84 242
84 251
84 254
84 255
84 258
84 269
84 274
84 283
84 291
84 293
84 296
84 297
84 300
84 307
84 311
84 315
84 317
84 322
84 325
84 331
85 88
85 90
85 94
85 96
85 148
85 151
85 184
85 187
85 189
85 190
85 191
85 193
85 195
85 197
85 199
85 200
85 215
85 223
85 225
85 226
85 228
85 229
85 233
85 235
85 236
85 237
85 240
85 241
85 257
85 288
85 291
85 296
85 297
85 298
85 303
85 305
85 306
85 308
85 309
85 311
85 312
85 313
85 316
85 317
85 318
85 319
85 320
85 324
85 325
85 328
85 329
85 330
85 332
85 333
86 89
86 94
86 95
86 142
86 193
86 196
86 199
86 216
86 217
86 218
86 220
86 221
86 223
86 226
86 235
86 236
86 241
86 257
86 258
86 289
86 291
86 292
86 296
86 297
86 298
86 301
86 302
86 303
86 304
86 305
86 306
86 308
86 310
86 311
86 314
86 319
86 320
86 321
86 326
86 327
86 330
86 331
86 332
87 89
87 95
87 142
87 196
87 199
87 216
87 217
87 218
87 219
87 221
87 228
87 230
87 235
87 236
87 240
87 257
87 258
87 274
87 288
87 289
87 291
87 292
87 297
87 298
87 301
87 302
87 303
87 304
87 306
87 310
87 311
87 312
87 313
87 314
87 315
87 316
87 317
87 318
87 319
87 323
87 324
87 325
87 326
87 331
87 332
88 95
88 151
88 190
88 193
88 196
88 218
88 219
88 220
88 221
88 223
88 225
88 226
88 229
88 235
88 236
88 241
88 251
88 254
88 255
88 257
88 269
88 274
88 283
88 288
88 293
88 296
88 298
88 300
88 305
88 306
88 307
88 315
88 323
88 328
88 331
88 333
89 94
89 142
89 148
89 151
89 193
89 196
89 199
89 215
89 222
89 224
89 227
89 228
89 230
89 237
89 239
89 240
89 257
89 258
89 274
89 283
89 288
89 289
89 291
89 292
89 297
89 298
89 301
89 302
89 304
89 305
89 306
89 310
89 311
89 314
89 315
89 317
89 319
89 320
89 322
89 323
89 325
89 326
89 331
89 332
90 94
90 95
90 98
90 151
90 184
90 187
90 189
90 190
90 191
90 192
90 194
90 196
90 197
90 199
90 200
90 216
90 219
90 220
90 222
90 223
90 225
90 226
90 229
90 231
90 233
90 241
90 251
90 254
90 255
90 257
90 269
90 274
90 288
90 289
90 293
90 296
90 300
90 305
90 307
90 309
90 315
90 319
90 328
90 333
91 98
91 99
91 109
91 110
91 111
91 112
91 113
91 115
91 116
91 118
91 121
91 122
91 125
91 128
91 130
91 131
91 132
91 134
91 135
91 148
91 150
91 152
91 154
91 155
91 158
91 159
91 161
91 162
91 163
91 164
91 165
91 168
91 172
91 174
91 175
91 176
91 177
91 178
91 179
91 183
91 184
91 188
91 192
91 198
91 200
91 234
91 333
92 97
92 98
92 113
92 120
92 125
92 130
92 149
92 150
92 151
92 152
92 153
92 155
92 156
92 158
92 160
92 161
92 162
92 164
92 165
92 172
92 174
92 184
92 186
92 187
92 188
92 189
92 191
92 193
92 194
92 195
92 197
92 198
92 199
92 200
92 232
92 233
92 305
92 328
92 329
92 333
93 98
93 99
93 109
93 110
93 111
93 112
93 113
93 115
93 116
93 118
93 121
93 125
93 128
93 130
93 132
93 134
93 135
93 150
93 151
93 152
93 155
93 156
93 158
93 159
93 161
93 162
93 163
93 164
93 165
93 168
93 172
93 174
93 176
93 177
93 179
93 183
93 184
93 186
93 187
93 189
93 190
93 191
93 193
93 194
93 195
93 196
93 197
93 198
93 199
93 200
93 232
93 233
93 305
93 328
93 329
94 151
94 184
94 189
94 190
94 193
94 196
94 199
94 217
94 218
94 219
94 220
94 222
94 223
94 224
94 225
94 226
94 227
94 228
94 229
94 233
94 235
94 236
94 237
94 239
94 240
94 241
94 274
94 305
94 306
94 307
94 320
94 323
94 328
94 332
94 333
95 148
95 151
95 184
95 186
95 189
95 190
95 193
95 196
95 199
95 215
95 217
95 220
95 222
95 223
95 224
95 225
95 226
95 227
95 228
95 229
95 233
95 235
95 236
95 237
95 239
95 240
95 241
95 257
95 274
95 288
95 296
95 298
95 303
95 304
95 308
95 312
95 315
95 318
95 321
95 322
95 323
95 324
95 328
95 330
95 333
96 151
96 184
96 189
96 190
96 193
96 196
96 199
96 219
96 220
96 222
96 223
96 225
96 226
96 229
96 233
96 236
96 241
96 251
96 254
96 255
96 257
96 269
96 283
96 288
96 293
96 296
96 298
96 300
96 305
96 306
96 307
96 315
96 320
96 323
96 328
96 332
96 333
97 112
97 118
97 119
97 120
97 121
97 122
97 123
97 130
97 132
97 147
97 149
97 153
97 154
97 156
97 160
97 161
97 163
97 165
97 174
97 177
97 183
97 185
97 193
97 234
98 109
98 110
98 111
98 113
98 114
98 115
98 116
98 119
98 120
98 121
98 122
98 124
98 126
98 128
98 131
98 133
98 134
98 135
98 147
98 148
98 149
98 150
98 151
98 152
98 154
98 155
98 157
98 158
98 166
98 167
98 168
98 172
98 175
98 176
98 178
98 179
98 183
98 184
98 187
98 188
98 189
98 190
98 191
98 192
98 194
98 196
98 197
98 198
98 199
98 200
98 221
98 233
98 234
98 305
98 309
98 328
98 331
98 333
99 109
99 110
99 111
99 112
99 113
99 115
99 116
99 118
99 120
99 121
99 123
99 124
99 125
99 128
99 131
99 133
99 134
99 135
99 148
99 149
99 152
99 154
99 155
99 156
99 157
99 158
99 159
99 160
99 162
99 163
99 165
99 168
99 172
99 175
99 176
99 178
99 179
99 183
99 185
99 193
100 103
100 104
100 106
100 107
100 108
100 140
100 143
100 207
100 208
100 209
100 211
100 212
100 214
100 244
100 245
100 246
100 253
100 260
100 262
100 263
100 265
100 266
100 267
100 268
100 277
100 280
100 282
100 285
101 105
101 107
101 108
101 143
101 207
101 208
101 209
101 210
101 212
101 214
101 245
101 246
101 247
101 249
101 250
101 253
101 260
101 262
101 264
101 265
101 267
101 275
101 277
101 279
101 280
101 282
101 285
101 287
101 294
101 295
102 105
102 143
102 210
102 245
102 246
102 247
102 248
102 262
102 263
102 264
102 265
102 266
102 268
102 272
102 277
102 279
102 282
102 285
102 287
103 107
103 108
103 141
103 142
103 143
103 180
103 206
103 208
103 209
103 210
103 214
103 242
103 243
103 246
103 251
103 253
103 260
103 263
103 266
103 276
103 285
103 295
104 108
104 141
104 142
104 180
104 206
104 208
104 209
104 211
104 214
104 242
104 243
104 245
104 246
104 251
104 252
104 253
104 260
104 262
104 266
104 270
104 276
104 282
104 284
104 285
104 295
105 138
105 139
105 140
105 141
105 142
105 181
105 182
105 205
105 206
105 208
105 209
105 210
105 211
105 212
105 213
105 242
105 243
105 244
105 245
105 246
105 247
105 248
105 251
105 252
105 260
105 262
105 263
105 264
105 265
105 270
105 276
105 277
105 279
105 282
105 284
105 285
105 287
105 295
106 141
106 142
106 143
106 180
106 181
106 206
106 208
106 209
106 210
106 211
106 213
106 214
106 243
106 244
106 246
106 249
106 251
106 252
106 253
106 262
106 263
106 266
106 267
106 270
106 276
106 282
106 284
106 285
107 138
107 139
107 141
107 142
107 180
107 182
107 205
107 206
107 208
107 210
107 213
107 214
107 237
107 242
107 245
107 246
107 249
107 256
107 259
107 261
107 263
107 266
107 267
107 275
107 280
107 281
107 283
107 290
108 138
108 139
108 141
108 142
108 181
108 182
108 205
108 206
108 210
108 211
108 213
108 214
108 237
108 242
108 243
108 245
108 246
108 249
108 252
108 253
108 262
108 263
108 266
108 267
108 270
108 276
108 282
108 284
108 285
108 295
109 113
109 114
109 115
109 117
109 118
109 120
109 121
109 123
109 125
109 126
109 128
109 132
109 133
109 135
109 148
109 149
109 152
109 154
109 155
109 156
109 157
109 158
109 159
109 160
109 161
109 162
109 163
109 164
109 166
109 167
109 168
109 169
109 170
109 171
109 172
109 177
109 179
109 183
109 185
110 115
110 116
110 117
110 118
110 120
110 121
110 123
110 127
110 129
110 130
110 131
110 132
110 133
110 135
110 148
110 149
110 150
110 151
110 154
110 156
110 157
110 158
110 159
110 160
110 161
110 162
110 163
110 164
110 167
110 170
110 171
110 173
110 174
110 176
110 177
110 179
110 185
110 192
110 194
110 200
111 113
111 114
111 118
111 120
111 121
111 123
111 127
111 128
111 129
111 130
111 131
111 132
111 133
111 135
111 148
111 149
111 152
111 154
111 155
111 156
111 157
111 158
111 159
111 160
111 161
111 162
111 163
111 164
111 166
111 168
111 169
111 170
111 172
111 173
111 174
111 175
111 177
111 179
111 185
111 201
111 335
111 345
111 350
111 368
111 371
111 389
111 400
112 115
112 116
112 117
112 118
112 120
112 121
112 123
112 125
112 126
112 127
112 128
112 129
112 131
112 133
112 148
112 149
112 150
112 151
112 152
112 154
112 155
112 156
112 157
112 158
112 159
112 160
112 161
112 162
112 163
112 164
112 166
112 167
112 169
112 170
112 171
112 172
112 177
112 179
112 183
112 185
112 193
112 201
112 341
112 345
112 350
112 351
112 359
112 368
112 372
112 389
112 401
113 115
113 117
113 118
113 120
113 121
113 122
113 123
113 127
113 129
113 130
113 131
113 132
113 133
113 135
113 148
113 149
113 154
113 156
113 158
113 159
113 160
113 161
113 162
113 163
113 164
113 167
113 170
113 171
113 173
113 174
113 176
113 177
113 179
113 183
113 184
113 185
113 187
113 188
113 190
113 192
113 193
113 194
113 196
113 197
113 199
113 200
113 236
113 305
113 309
113 331
113 333
114 115
114 116
114 117
114 130
114 131
114 132
114 133
114 134
114 135
114 149
114 150
114 151
114 153
114 154
114 157
114 158
114 159
114 163
114 167
114 169
114 171
114 173
114 174
114 176
114 177
114 178
114 179
114 192
114 194
114 200
114 369
115 118
115 120
115 121
115 123
115 127
115 128
115 129
115 130
115 131
115 132
115 136
115 137
115 144
115 145
115 148
115 149
115 152
115 154
115 155
115 156
115 157
115 158
115 159
115 160
115 161
115 162
115 163
115 164
115 166
115 168
115 169
115 170
115 172
115 173
115 174
115 175
115 185
115 202
115 203
115 238
115 341
115 350
115 351
115 359
115 370
115 372
115 373
115 382
115 384
115 390
115 401
116 118
116 120
116 121
116 123
116 127
116 128
116 129
116 130
116 131
116 132
116 148
116 149
116 150
116 151
116 152
116 154
116 155
116 156
116 157
116 158
116 159
116 160
116 161
116 162
116 163
116 164
116 166
116 168
116 169
116 170
116 171
116 173
116 174
116 177
116 179
116 183
116 185
116 192
116 194
116 201
116 335
116 341
116 345
116 350
116 351
116 359
116 368
116 371
116 372
116 389
116 400
116 401
117 128
117 132
117 133
117 135
117 136
117 137
117 144
117 145
117 150
117 151
117 153
117 154
117 155
117 157
117 165
117 168
117 174
117 175
117 177
117 178
117 179
117 192
117 194
117 202
117 203
117 238
117 341
117 349
117 353
117 357
117 359
117 361
117 362
117 363
117 364
117 369
117 371
117 373
117 376
117 377
117 384
117 389
117 390
117 400
118 122
118 124
118 126
118 128
118 131
118 132
118 134
118 135
118 148
118 150
118 152
118 154
118 155
118 157
118 158
118 161
118 164
118 165
118 168
118 172
118 174
118 175
118 176
118 177
118 178
118 179
118 184
118 186
118 188
118 192
118 193
118 198
118 200
118 232
118 233
118 333
119 121
119 125
119 130
119 149
119 150
119 151
119 153
119 154
119 156
119 157
119 160
119 161
119 162
119 163
119 164
119 165
119 174
119 183
119 184
119 186
119 188
119 192
119 198
119 200
119 234
119 305
119 329
119 333
120 121
120 122
120 125
120 128
120 130
120 131
120 132
120 134
120 135
120 148
120 150
120 151
120 152
120 155
120 158
120 161
120 162
120 163
120 164
120 165
120 168
120 172
120 174
120 175
120 176
120 177
120 178
120 179
120 183
120 184
120 186
120 187
120 188
120 189
120 192
120 194
120 195
120 197
120 198
120 199
120 200
120 233
120 234
120 328
120 333
121 124
121 126
121 128
121 130
121 131
121 132
121 134
121 135
121 148
121 149
121 150
121 152
121 154
121 155
121 156
121 157
121 158
121 160
121 161
121 162
121 164
121 165
121 168
121 172
121 174
121 175
121 176
121 177
121 178
121 179
121 184
121 186
121 188
121 192
121 198
121 200
121 232
121 233
121 333
122 125
122 128
122 130
122 149
122 151
122 152
122 153
122 155
122 156
122 158
122 160
122 161
122 162
122 163
122 164
122 165
122 169
122 172
122 174
122 187
122 189
122 190
122 191
122 193
122 194
122 195
122 196
122 197
122 198
122 199
122 232
122 233
122 305
122 309
122 328
122 329
122 331
123 125
123 126
123 128
123 131
123 132
123 134
123 135
123 151
123 152
123 155
123 158
123 162
123 164
123 165
123 168
123 169
123 172
123 174
123 175
123 176
123 177
123 178
123 179
123 183
123 184
123 186
123 187
123 189
123 191
123 193
123 194
123 195
123 197
123 198
123 199
123 200
123 232
123 233
123 234
123 305
123 328
123 329
123 333
124 130
124 153
124 159
124 163
124 164
124 183
124 185
125 131
125 132
125 147
125 148
125 149
125 150
125 153
125 154
125 156
125 157
125 160
125 161
125 165
125 174
125 177
125 184
125 188
125 192
125 193
125 198
125 200
125 232
125 234
125 333
126 131
126 132
126 149
126 153
126 156
126 159
126 161
126 162
126 163
126 165
126 174
126 177
126 183
126 185
127 134
127 135
127 150
127 151
127 152
127 153
127 154
127 155
127 165
127 169
127 173
127 175
127 176
127 178
127 179
127 192
127 194
127 201
127 335
127 345
127 350
127 368
127 369
128 130
128 131
128 132
128 133
128 135
128 148
128 149
128 151
128 154
128 156
128 157
128 158
128 159
128 160
128 161
128 162
128 163
128 164
128 165
128 167
128 171
128 173
128 174
128 176
128 177
128 179
128 183
128 184
128 185
128 187
128 188
128 192
128 194
128 197
128 200
128 333
128 369
129 134
129 150
129 151
129 153
129 154
129 157
129 165
129 167
129 171
129 175
129 176
129 178
129 192
129 194
129 200
129 201
129 335
129 345
129 350
129 368
129 369
130 133
130 134
130 135
130 147
130 148
130 150
130 152
130 154
130 155
130 157
130 158
130 160
130 162
130 166
130 167
130 168
130 172
130 175
130 176
130 178
130 179
130 183
130 184
130 188
130 192
130 193
130 198
130 200
130 234
130 333
131 134
131 135
131 149
131 152
131 153
131 154
131 155
131 157
131 159
131 160
131 162
131 163
131 164
131 166
131 167
131 168
131 170
131 172
131 175
131 176
131 177
131 179
131 183
131 185
132 133
132 134
132 135
132 136
132 148
132 149
132 152
132 154
132 155
132 156
132 157
132 159
132 160
132 162
132 163
132 164
132 166
132 167
132 168
132 170
132 171
132 172
132 175
132 183
132 185
132 193
132 350
132 351
132 368
132 370
132 382
132 389
133 136
133 152
133 153
133 155
133 156
133 158
133 159
133 161
133 163
133 164
133 166
133 167
133 168
133 170
133 171
133 172
133 174
133 175
133 201
133 335
133 341
133 345
133 350
133 351
133 359
133 368
133 370
133 371
133 372
133 382
133 389
133 400
133 401
134 148
134 149
134 150
134 151
134 152
134 154
134 156
134 157
134 158
134 159
134 160
134 161
134 162
134 163
134 164
134 166
134 169
134 170
134 173
134 174
134 177
134 179
134 185
134 192
134 194
134 200
134 201
134 335
134 341
134 345
134 350
134 351
134 359
134 368
134 371
134 372
134 389
134 400
134 401
135 136
135 137
135 144
135 145
135 148
135 149
135 152
135 154
135 155
135 156
135 157
135 158
135 159
135 160
135 161
135 162
135 163
135 164
135 166
135 167
135 168
135 170
135 172
135 173
135 174
135 175
135 177
135 185
135 202
135 203
135 204
135 238
135 335
135 370
135 371
135 373
135 382
135 384
135 390
135 400
136 145
136 153
136 165
136 167
136 171
136 176
136 177
136 178
136 202
136 203
136 334
136 335
136 347
136 351
136 355
136 358
136 359
136 366
136 368
136 370
136 382
136 384
136 386
136 388
136 390
136 392
137 146
137 179
137 202
137 334
137 336
137 344
137 347
137 348
137 350
137 360
137 365
137 366
137 367
137 374
137 375
137 378
137 379
137 381
137 383
137 385
137 386
137 387
137 391
137 392
137 393
137 399
138 143
138 208
138 209
138 210
138 214
138 245
138 246
138 247
138 253
138 260
138 262
138 263
138 265
138 266
138 267
138 268
138 272
138 277
138 279
138 280
138 282
138 285
139 143
139 207
139 208
139 209
139 210
139 212
139 214
139 245
139 246
139 247
139 253
139 260
139 262
139 263
139 264
139 265
139 267
139 268
139 275
139 277
139 279
139 280
139 282
139 285
139 287
139 294
139 295
140 143
140 210
140 246
140 248
140 262
140 263
140 264
140 265
140 266
140 267
140 268
140 271
140 272
140 277
140 278
140 280
140 282
140 285
140 286
140 287
141 207
141 211
141 214
141 229
141 237
141 243
141 244
141 245
141 246
141 252
141 253
141 256
141 276
141 289
141 290
141 299
141 319
142 180
142 182
142 205
142 206
142 207
142 214
142 220
142 223
142 225
142 226
142 227
142 228
142 236
142 237
142 239
142 241
142 245
142 246
142 253
142 257
142 258
142 261
142 276
142 284
142 290
142 291
142 292
142 295
142 296
142 297
142 298
142 299
142 301
142 302
142 307
142 311
142 315
142 317
142 319
142 322
142 325
142 332
143 180
143 182
143 205
143 208
143 209
143 210
143 212
143 213
143 229
143 237
143 247
143 248
143 252
143 256
143 259
143 261
143 262
143 263
143 264
143 265
143 266
143 267
143 270
143 275
143 276
143 279
143 280
143 281
143 282
143 283
143 284
143 287
143 289
143 290
143 295
143 299
143 319
144 145
144 179
144 202
144 203
144 334
144 335
144 347
144 350
144 355
144 358
144 359
144 366
144 368
144 373
144 384
144 386
144 388
144 389
144 390
144 392
145 179
145 238
145 344
145 349
145 350
145 355
145 358
145 359
145 362
145 368
145 373
145 375
145 376
145 377
145 380
145 383
145 384
145 386
145 398
146 201
146 202
146 334
146 335
146 344
146 360
146 365
146 374
146 381
146 383
146 385
146 386
146 388
146 389
146 392
147 150
147 151
147 153
147 155
147 156
147 157
147 160
147 161
147 162
147 164
147 165
147 172
147 174
147 184
147 186
147 187
147 188
147 189
147 192
147 194
147 195
147 197
147 198
147 199
147 200
147 232
147 233
147 234
147 305
147 328
147 329
147 333
148 152
148 155
148 156
148 158
148 159
148 160
148 161
148 162
148 163
148 164
148 165
148 166
148 168
148 169
148 172
148 174
148 176
148 177
148 179
148 183
148 187
148 189
148 190
148 191
148 193
148 194
148 195
148 196
148 197
148 199
148 216
148 219
148 221
148 232
148 233
148 236
148 306
148 307
148 309
148 315
148 323
148 328
148 331
148 332
149 150
149 151
149 152
149 155
149 158
149 162
149 164
149 165
149 166
149 168
149 169
149 172
149 174
149 175
149 176
149 177
149 178
149 179
149 183
149 184
149 186
149 187
149 188
149 189
149 192
149 194
149 195
149 197
149 198
149 199
149 200
149 233
149 234
149 305
149 328
149 329
149 333
150 153
150 156
150 158
150 159
150 160
150 161
150 162
150 163
150 165
150 166
150 167
150 168
150 170
150 171
150 173
150 175
150 178
150 186
150 189
150 190
150 191
150 193
150 195
150 196
150 198
150 199
150 232
150 233
150 234
150 236
150 305
150 309
150 328
150 329
150 331
151 153
151 157
151 159
151 165
151 167
151 168
151 170
151 171
151 173
151 175
151 178
151 183
151 184
151 185
151 186
151 189
151 191
151 195
151 198
151 215
151 216
151 217
151 218
151 219
151 220
151 221
151 223
151 225
151 226
151 232
151 233
151 234
151 235
151 237
151 257
151 288
151 289
151 296
151 298
151 306
151 307
151 315
151 319
151 320
151 321
151 328
151 329
151 332
152 154
152 156
152 158
152 159
152 160
152 161
152 162
152 163
152 164
152 165
152 167
152 171
152 174
152 176
152 177
152 179
152 183
152 184
152 185
152 187
152 188
152 190
152 192
152 193
152 194
152 196
152 197
152 199
152 200
152 201
152 236
152 305
152 309
152 331
152 333
152 335
152 345
152 350
152 368
152 369
153 166
153 167
153 169
153 170
153 171
153 173
153 175
153 178
153 183
153 184
153 186
153 187
153 188
153 189
153 192
153 193
153 194
153 195
153 197
153 198
153 199
153 200
153 201
153 233
153 234
153 305
153 328
153 329
153 333
153 335
153 341
153 345
153 350
153 351
153 359
153 368
153 370
153 371
153 372
153 382
153 389
153 400
153 401
154 156
154 158
154 160
154 161
154 162
154 163
154 164
154 165
154 166
154 167
154 168
154 169
154 170
154 171
154 173
154 174
154 175
154 176
154 177
154 178
154 179
154 190
154 191
154 193
154 196
154 225
154 232
154 236
154 305
154 306
154 309
154 319
154 320
154 321
154 329
154 331
154 332
155 156
155 157
155 158
155 159
155 160
155 161
155 162
155 163
155 164
155 165
155 167
155 171
155 173
155 174
155 176
155 177
155 179
155 183
155 184
155 185
155 186
155 187
155 188
155 189
155 190
155 191
155 193
155 194
155 195
155 196
155 197
155 198
155 199
155 232
155 233
155 234
155 236
155 305
155 309
155 328
155 331
155 333
155 369
156 162
156 164
156 165
156 168
156 172
156 174
156 175
156 176
156 177
156 179
156 183
156 184
156 188
156 192
156 193
156 198
156 200
156 234
156 333
157 159
157 161
157 162
157 163
157 164
157 165
157 166
157 168
157 169
157 170
157 172
157 173
157 174
157 175
157 176
157 177
157 178
157 179
157 183
157 186
157 187
157 189
157 190
157 191
157 193
157 194
157 195
157 196
157 197
157 198
157 199
157 200
157 232
157 233
157 234
157 305
157 328
157 329
157 331
157 333
158 159
158 160
158 161
158 162
158 163
158 164
158 166
158 167
158 168
158 170
158 172
158 175
158 176
158 179
158 183
158 184
158 185
158 188
158 192
159 166
159 167
159 168
159 172
159 175
159 176
159 177
159 178
159 179
159 184
159 186
159 187
159 188
159 189
159 192
159 193
159 194
159 195
159 197
159 198
159 199
159 200
159 232
159 233
159 328
159 333
160 162
160 164
160 165
160 168
160 172
160 174
160 175
160 176
160 177
160 178
160 179
160 183
160 184
160 188
160 192
160 193
160 198
160 200
160 234
160 333
161 162
161 164
161 165
161 168
161 172
161 175
161 176
161 178
161 179
161 183
161 185
161 188
161 192
161 193
161 234
162 165
162 168
162 172
162 174
162 175
162 176
162 177
162 178
162 179
162 183
162 184
162 188
162 192
162 193
162 198
162 200
162 234
162 333
163 166
163 167
163 168
163 172
163 174
163 175
163 176
163 177
163 178
163 179
163 184
163 186
163 188
163 192
163 193
163 198
163 200
163 232
163 233
163 333
164 165
164 168
164 172
164 174
164 176
164 178
164 179
164 183
164 185
164 193
164 234
165 169
165 170
165 171
165 173
165 177
165 183
165 185
165 192
165 193
165 194
165 201
165 234
165 335
165 341
165 345
165 350
165 351
165 359
165 368
165 370
165 371
165 372
165 382
165 389
165 400
165 401
166 171
166 174
166 176
166 177
166 178
166 179
166 187
166 188
166 190
166 192
166 193
166 194
166 196
166 197
166 199
166 200
166 201
166 236
166 305
166 309
166 331
166 333
166 335
166 345
166 350
166 368
166 369
167 168
167 169
167 174
167 175
167 176
167 177
167 178
167 179
167 192
167 194
167 201
167 335
167 345
167 368
167 369
167 371
167 389
167 400
168 171
168 173
168 174
168 176
168 177
168 178
168 179
168 185
168 192
168 194
168 200
168 369
169 171
169 173
169 174
169 176
169 178
169 183
169 184
169 185
169 187
169 188
169 190
169 192
169 193
169 194
169 196
169 197
169 199
169 200
169 201
169 236
169 305
169 309
169 331
169 333
169 335
169 345
169 350
169 368
169 369
170 171
170 174
170 175
170 176
170 177
170 178
170 179
170 192
170 194
170 200
170 201
170 335
170 345
170 350
170 368
171 175
171 176
171 177
171 178
171 192
171 194
171 201
171 335
171 341
171 345
171 350
171 351
171 359
171 368
171 370
171 371
171 372
171 382
171 389
171 400
171 401
172 174
172 175
172 176
172 177
172 178
172 179
172 183
172 184
172 185
172 186
172 187
172 188
172 189
172 190
172 191
172 193
172 195
172 196
172 197
172 198
172 199
172 200
172 201
172 232
172 233
172 234
172 236
172 305
172 309
172 328
172 331
172 333
172 335
172 345
172 350
172 368
172 369
173 175
173 176
173 178
173 179
173 192
173 194
173 201
173 335
173 345
173 350
173 368
173 369
174 179
174 183
174 185
174 193
174 234
175 177
175 179
175 183
175 185
175 192
175 200
176 177
176 185
176 201
176 335
176 341
176 345
176 350
176 351
176 359
176 368
176 370
176 371
176 372
176 382
176 389
176 400
176 401
177 183
177 185
177 193
177 201
177 335
177 345
177 350
177 351
177 368
177 370
177 371
177 382
177 389
177 400
178 183
178 185
178 192
178 200
178 201
178 335
178 341
178 345
178 350
178 351
178 359
178 368
178 370
178 371
178 372
178 382
178 389
178 400
178 401
179 185
179 201
179 203
179 238
179 335
179 341
179 345
179 349
179 353
179 357
179 359
179 361
179 362
179 363
179 364
179 371
179 372
179 373
179 376
179 377
179 400
179 401
180 206
180 207
180 211
180 237
180 242
180 244
180 251
180 253
180 260
180 276
181 209
181 211
181 214
181 229
181 237
181 242
181 243
181 245
181 246
181 252
181 256
181 262
181 266
181 270
181 282
181 284
181 289
181 290
181 295
182 206
182 207
182 242
182 244
182 251
182 253
182 260
182 276
182 295
183 186
183 187
183 188
183 189
183 190
183 191
183 193
183 194
183 195
183 196
183 197
183 199
183 200
183 233
183 328
183 329
183 331
183 333
184 189
184 191
184 193
184 194
184 197
184 199
184 215
184 216
184 217
184 219
184 221
184 232
184 237
184 305
184 307
184 309
184 328
184 332
185 186
185 187
185 189
185 190
185 191
185 193
185 194
185 195
185 196
185 197
185 199
185 232
185 233
185 305
185 309
185 328
185 329
185 331
186 190
186 191
186 193
186 194
186 196
186 197
186 216
186 219
186 225
186 232
186 306
186 309
186 319
186 320
186 321
186 328
186 329
186 331
186 332
187 191
187 198
187 215
187 221
187 225
187 232
187 233
187 234
187 236
187 237
187 305
187 306
187 307
187 309
187 319
187 320
187 321
187 328
187 329
187 331
187 332
188 189
188 190
188 191
188 193
188 194
188 195
188 196
188 198
188 199
188 232
188 233
188 234
188 236
188 305
188 309
188 328
188 329
188 331
189 194
189 197
189 198
189 200
189 215
189 216
189 217
189 219
189 221
189 225
189 229
189 232
189 233
189 234
189 237
189 306
189 307
189 309
189 319
189 320
189 321
189 328
190 192
190 194
190 195
190 198
190 215
190 216
190 217
190 218
190 219
190 221
190 225
190 232
190 234
190 236
190 237
190 306
190 307
190 309
190 319
190 320
190 321
190 332
191 194
191 198
191 215
191 221
191 225
191 232
191 233
191 237
191 305
191 306
191 307
191 309
191 319
191 320
191 321
191 328
191 329
191 331
191 332
191 333
192 196
192 221
192 225
192 234
192 236
192 305
192 306
192 309
192 319
192 320
192 321
192 328
192 329
192 331
192 332
193 195
193 198
193 215
193 216
193 217
193 218
193 219
193 220
193 222
193 223
193 225
193 226
193 232
193 234
193 235
193 236
193 237
193 239
193 283
193 298
193 304
193 306
193 307
193 308
193 315
193 319
193 320
193 321
193 322
193 323
193 329
193 330
193 332
194 195
194 196
194 198
194 199
194 221
194 232
194 233
194 234
194 236
194 305
194 309
194 328
194 331
194 333
195 215
195 221
195 225
195 232
195 234
195 237
195 305
195 306
195 307
195 309
195 319
195 320
195 321
195 328
195 329
195 331
195 332
196 198
196 216
196 217
196 218
196 219
196 220
196 222
196 223
196 224
196 225
196 226
196 227
196 229
196 232
196 234
196 235
196 236
196 239
196 241
196 251
196 254
196 255
196 257
196 258
196 269
196 274
196 288
196 293
196 296
196 297
196 298
196 300
196 304
196 306
196 311
196 315
196 317
196 319
196 320
196 321
196 322
196 323
196 325
196 332
197 198
197 199
197 215
197 221
197 232
197 233
197 234
197 236
197 237
197 305
197 307
197 309
197 329
197 331
198 225
198 305
198 306
198 309
198 319
198 320
198 321
198 328
198 331
198 332
199 215
199 216
199 217
199 219
199 220
199 221
199 222
199 223
199 224
199 226
199 227
199 228
199 229
199 232
199 234
199 236
199 237
199 239
199 240
199 241
199 242
199 296
199 307
199 309
199 310
199 315
199 317
199 323
199 325
199 326
200 215
200 221
200 225
200 232
200 234
200 236
200 237
200 305
200 306
200 307
200 319
200 320
200 321
200 329
200 331
200 332
201 334
201 335
201 336
201 341
201 344
201 345
201 347
201 348
201 351
201 355
201 358
201 360
201 365
201 366
201 367
201 371
201 372
201 374
201 375
201 378
201 379
201 381
201 383
201 385
201 386
201 387
201 388
201 391
201 392
201 393
201 399
201 400
201 401
202 238
202 334
202 336
202 344
202 347
202 350
202 359
202 360
202 362
202 365
202 366
202 367
202 368
202 373
202 374
202 375
202 378
202 381
202 383
202 384
202 385
202 386
202 387
202 388
202 389
202 391
202 399
203 238
203 349
203 350
203 355
203 358
203 359
203 362
203 365
203 368
203 373
203 376
203 377
203 380
203 381
203 384
203 398
204 337
204 338
204 339
204 340
204 342
204 343
204 351
204 352
204 356
204 357
204 361
204 370
204 394
205 211
205 237
205 242
205 243
205 251
205 253
205 260
205 266
205 276
205 295
206 214
206 237
206 242
206 243
206 245
206 246
206 251
206 252
206 253
206 256
206 260
206 266
206 276
206 290
207 208
207 209
207 210
207 211
207 213
207 214
207 242
207 243
207 245
207 246
207 249
207 251
207 252
207 260
207 262
207 263
207 267
207 270
207 276
207 282
207 284
207 285
207 295
208 211
208 212
208 213
208 214
208 244
208 246
208 249
208 251
208 253
208 260
208 263
208 266
208 267
208 282
208 285
209 211
209 213
209 243
209 244
209 249
209 251
209 252
209 253
209 260
209 262
209 263
209 266
209 267
209 270
209 276
209 282
209 284
209 295
210 211
210 212
210 213
210 214
210 244
210 246
210 249
210 253
210 260
210 262
210 263
210 265
210 267
210 268
210 275
210 277
210 280
210 282
210 285
210 294
210 295
211 244
211 246
211 266
211 285
212 247
212 248
212 253
212 262
212 263
212 264
212 265
212 266
212 268
212 277
212 279
212 282
212 285
212 287
213 245
213 246
213 247
213 248
213 249
213 253
213 260
213 263
213 264
213 265
213 267
213 268
213 272
213 277
213 279
213 280
213 282
213 285
213 287
214 242
214 243
214 244
214 251
214 253
214 260
214 262
214 263
214 266
214 267
214 268
214 271
214 272
214 277
214 278
214 280
214 282
214 285
214 286
214 287
215 219
215 220
215 222
215 223
215 226
215 233
215 236
215 251
215 254
215 255
215 257
215 269
215 274
215 283
215 288
215 293
215 296
215 298
215 300
215 305
215 306
215 307
215 309
215 315
215 323
215 328
215 329
215 331
215 333
216 220
216 222
216 223
216 224
216 225
216 226
216 227
216 228
216 229
216 233
216 235
216 236
216 237
216 239
216 240
216 241
216 257
216 274
216 288
216 296
216 298
216 304
216 308
216 315
216 320
216 322
216 328
216 330
216 332
216 333
217 219
217 222
217 224
217 225
217 226
217 227
217 229
217 233
217 239
217 241
217 251
217 254
217 255
217 257
217 269
217 274
217 283
217 288
217 289
217 291
217 293
217 296
217 297
217 298
217 300
217 304
217 305
217 306
217 311
217 315
217 319
217 322
217 323
217 325
218 222
218 223
218 224
218 225
218 226
218 227
218 229
218 239
218 241
218 251
218 254
218 255
218 257
218 269
218 274
218 283
218 288
218 289
218 293
218 296
218 297
218 298
218 300
218 304
218 305
218 306
218 307
218 311
218 315
218 319
218 320
218 322
218 323
218 325
218 328
218 331
218 332
218 333
219 223
219 225
219 226
219 227
219 228
219 229
219 233
219 235
219 236
219 237
219 240
219 241
219 257
219 288
219 291
219 296
219 297
219 298
219 303
219 308
219 311
219 312
219 313
219 316
219 317
219 318
219 319
219 320
219 321
219 324
219 325
219 330
219 332
220 227
220 228
220 230
220 231
220 237
220 240
220 257
220 258
220 274
220 288
220 289
220 291
220 292
220 298
220 301
220 302
220 303
220 304
220 305
220 306
220 307
220 310
220 311
220 312
220 314
220 315
220 317
220 319
220 322
220 323
220 325
220 326
220 331
220 332
221 224
221 225
221 227
221 228
221 229
221 233
221 239
221 241
221 251
221 254
221 255
221 257
221 269
221 274
221 283
221 288
221 289
221 291
221 293
221 296
221 297
221 298
221 300
221 303
221 304
221 305
221 306
221 307
221 309
221 311
221 315
221 319
221 320
221 322
221 323
221 325
221 328
221 329
221 331
221 332
221 333
222 229
222 235
222 236
222 237
222 240
222 241
222 257
222 288
222 291
222 296
222 297
222 298
222 304
222 305
222 308
222 310
222 311
222 312
222 313
222 316
222 317
222 318
222 319
222 320
222 324
222 325
222 326
222 330
222 331
222 332
223 224
223 227
223 228
223 230
223 231
223 235
223 237
223 240
223 242
223 258
223 274
223 289
223 292
223 297
223 301
223 302
223 303
223 306
223 310
223 312
223 314
223 317
223 323
223 326
223 331
223 332
224 228
224 229
224 235
224 236
224 240
224 241
224 257
224 291
224 296
224 297
224 298
224 303
224 304
224 305
224 306
224 307
224 310
224 311
224 312
224 313
224 316
224 317
224 318
224 319
224 322
224 323
224 324
224 325
224 326
224 331
224 332
225 230
225 233
225 235
225 236
225 240
225 242
225 257
225 258
225 274
225 288
225 289
225 291
225 292
225 297
225 298
225 301
225 302
225 303
225 305
225 306
225 307
225 311
225 312
225 313
225 314
225 316
225 318
225 320
225 321
225 322
225 323
225 324
225 328
225 329
225 331
225 332
225 333
226 227
226 228
226 230
226 231
226 235
226 237
226 240
226 242
226 258
226 274
226 288
226 289
226 291
226 292
226 297
226 301
226 302
226 303
226 306
226 307
226 310
226 314
226 317
226 323
226 326
226 332
227 235
227 236
227 240
227 241
227 257
227 258
227 289
227 291
227 292
227 296
227 297
227 298
227 301
227 302
227 303
227 304
227 306
227 310
227 311
227 312
227 313
227 316
227 317
227 318
227 319
227 322
227 323
227 324
227 325
227 326
227 331
227 332
228 230
228 236
228 257
228 258
228 289
228 291
228 292
228 297
228 298
228 301
228 302
228 303
228 304
228 306
228 307
228 308
228 310
228 311
228 313
228 314
228 316
228 317
228 319
228 320
228 321
228 326
228 327
228 330
228 332
229 230
229 231
229 235
229 236
229 237
229 240
229 242
229 243
229 244
229 251
229 252
229 256
229 260
229 274
229 288
229 310
229 312
229 313
229 314
229 316
229 318
229 323
229 324
229 326
230 236
230 239
230 241
231 235
231 236
231 237
231 241
232 329
232 331
232 333
233 237
233 305
233 306
233 307
233 309
233 319
233 320
233 321
233 328
233 332
234 305
234 328
234 329
234 331
234 333
235 239
235 241
235 251
235 254
235 255
235 257
235 269
235 274
235 283
235 288
235 289
235 293
235 296
235 297
235 300
235 311
235 315
235 319
235 325
235 331
236 239
236 240
236 241
236 251
236 254
236 255
236 269
236 274
236 283
236 291
236 293
236 297
236 300
236 305
236 309
236 311
236 319
236 322
236 325
236 331
236 333
237 239
237 242
237 243
237 244
237 283
237 288
237 289
237 296
237 305
237 307
237 309
237 315
237 319
237 328
237 329
237 333
238 334
238 335
238 347
238 350
238 355
238 366
238 368
238 386
238 388
238 390
238 392
239 242
239 258
239 288
239 289
239 291
239 292
239 297
239 298
239 301
239 302
239 303
239 304
239 305
239 306
239 308
239 310
239 312
239 313
239 314
239 316
239 317
239 318
239 320
239 321
239 324
239 326
239 327
239 330
239 331
239 332
240 242
240 257
240 258
240 291
240 296
240 297
240 298
240 301
240 303
240 304
240 306
240 307
240 308
240 313
240 320
240 330
240 332
241 242
241 257
241 274
241 288
241 289
241 292
241 298
241 302
241 310
241 312
241 316
241 318
241 321
241 323
241 324
241 326
241 327
241 332
242 245
242 246
242 252
242 253
242 256
242 260
242 261
242 276
242 284
242 289
242 290
242 295
243 245
243 246
243 256
243 262
243 266
243 270
243 282
243 289
243 290
243 295
243 299
243 319
244 245
244 246
244 252
244 256
244 260
244 261
244 262
244 263
244 266
244 270
244 276
244 282
244 284
244 285
244 289
244 290
244 295
244 299
244 319
245 248
245 251
245 253
245 260
245 263
245 264
245 266
245 268
245 271
245 272
245 277
245 278
245 282
245 285
246 248
246 251
246 253
246 260
246 263
246 264
246 265
246 266
246 267
246 268
246 271
246 272
246 277
246 278
246 279
246 280
246 285
246 286
247 248
247 263
247 264
247 266
247 268
247 272
247 273
247 277
247 278
247 282
247 285
247 286
248 264
248 265
248 279
249 250
249 253
249 260
249 262
249 263
249 265
249 266
249 267
249 268
249 282
249 285
249 294
250 253
250 262
250 263
250 265
250 266
250 267
250 268
250 282
250 285
250 294
251 252
251 253
251 254
251 255
251 256
251 257
251 260
251 261
251 262
251 266
251 269
251 270
251 274
251 276
251 282
251 284
251 289
251 290
251 293
251 295
251 298
251 299
251 300
251 319
251 331
252 253
252 256
252 260
252 261
252 262
252 270
252 276
252 282
252 284
252 289
252 290
252 295
253 256
253 259
253 260
253 261
253 262
253 263
253 265
253 266
253 267
253 268
253 270
253 272
253 275
253 276
253 277
253 280
253 281
253 282
253 283
253 284
253 285
253 290
253 294
253 295
254 255
254 257
254 269
254 274
254 293
254 298
254 300
254 331
255 257
255 269
255 274
255 293
255 298
255 300
255 331
256 260
256 276
256 289
256 290
256 295
257 258
257 269
257 274
257 288
257 289
257 291
257 292
257 293
257 296
257 297
257 298
257 300
257 301
257 302
257 307
257 311
257 315
257 317
257 319
257 322
257 323
257 325
257 331
257 332
258 274
258 289
258 291
258 292
258 296
258 297
258 298
258 301
258 302
258 307
258 311
258 314
258 315
258 317
258 319
258 322
258 325
258 332
259 260
259 262
259 263
259 266
259 267
259 275
259 276
259 280
259 281
259 282
259 283
259 295
260 261
260 262
260 263
260 265
260 266
260 267
260 270
260 272
260 275
260 276
260 280
260 281
260 282
260 283
260 284
260 289
260 290
260 294
260 295
261 276
261 284
262 263
262 265
262 266
262 267
262 268
262 270
262 272
262 275
262 276
262 277
262 280
262 281
262 282
262 283
262 284
262 285
262 294
262 295
263 264
263 265
263 266
263 267
263 268
263 272
263 275
263 276
263 277
263 280
263 281
263 282
263 283
263 285
263 287
263 294
263 295
264 265
264 266
264 268
264 272
264 277
264 278
264 279
264 282
264 285
264 286
264 287
265 266
265 267
265 268
265 271
265 272
265 277
265 278
265 279
265 280
265 282
265 285
265 286
265 287
265 294
266 267
266 268
266 272
266 275
266 276
266 277
266 280
266 281
266 282
266 283
266 285
266 287
266 294
266 295
267 268
267 272
267 275
267 276
267 277
267 280
267 281
267 282
267 283
267 285
267 294
267 295
268 275
268 277
268 280
268 282
268 285
268 287
268 294
268 295
269 274
269 293
269 298
269 300
269 331
270 276
270 282
270 284
270 295
271 272
271 273
271 277
271 278
271 279
271 287
272 273
272 277
272 278
272 279
272 282
272 286
272 287
272 294
273 278
273 279
274 293
274 296
274 297
274 298
274 300
274 311
274 317
274 319
274 322
274 325
274 331
275 276
275 277
275 280
275 281
275 282
275 283
275 285
275 294
275 295
276 280
276 281
276 282
276 283
276 284
276 290
276 295
277 278
277 279
277 280
277 282
277 285
277 286
277 287
277 294
277 295
278 279
278 286
278 287
279 282
279 286
279 287
280 281
280 282
280 283
280 285
280 295
281 282
281 283
281 295
282 283
282 284
282 285
282 287
282 294
282 295
283 295
283 298
283 331
284 295
285 287
285 294
285 295
286 287
288 289
288 291
288 296
288 298
288 307
288 311
288 315
288 319
288 322
288 325
288 331
289 291
289 292
289 296
289 297
289 298
289 301
289 302
289 307
289 311
289 315
289 317
289 319
289 322
289 325
289 332
291 292
291 296
291 297
291 298
291 301
291 302
291 307
291 311
291 312
291 314
291 315
291 317
291 319
291 322
291 323
291 325
291 332
292 296
292 297
292 298
292 301
292 302
292 307
292 311
292 315
292 317
292 319
292 322
292 325
292 332
293 298
293 300
293 331
294 295
296 297
296 298
296 301
296 302
296 303
296 304
296 306
296 307
296 308
296 310
296 311
296 312
296 314
296 315
296 317
296 318
296 319
296 320
296 321
296 322
296 323
296 324
296 325
296 326
296 330
296 331
296 332
297 298
297 301
297 302
297 307
297 311
297 312
297 314
297 315
297 317
297 319
297 322
297 323
297 325
297 332
298 300
298 301
298 302
298 307
298 311
298 312
298 315
298 317
298 319
298 322
298 323
298 325
298 331
298 332
299 319
300 331
301 302
301 307
301 311
301 314
301 315
301 317
301 319
301 322
301 325
301 332
302 307
302 311
302 315
302 317
302 319
302 322
302 325
302 332
303 304
303 306
303 307
303 308
303 312
303 315
303 318
303 320
303 321
303 322
303 323
303 324
303 330
303 332
304 305
304 306
304 307
304 308
304 312
304 315
304 318
304 320
304 321
304 322
304 323
304 324
304 330
304 331
304 332
305 306
305 307
305 308
305 309
305 315
305 319
305 320
305 321
305 322
305 323
305 328
305 329
305 330
305 331
305 332
305 333
306 307
306 308
306 312
306 315
306 318
306 319
306 320
306 321
306 322
306 323
306 324
306 328
306 329
306 330
306 331
306 332
306 333
307 308
307 309
307 311
307 312
307 313
307 314
307 315
307 316
307 317
307 318
307 319
307 320
307 321
307 322
307 323
307 324
307 325
307 328
307 329
307 330
307 331
307 332
307 333
308 312
308 315
308 318
308 320
308 321
308 322
308 323
308 324
308 330
308 331
308 332
309 328
309 329
309 331
309 332
309 333
310 315
310 317
310 319
310 325
310 326
311 312
311 314
311 315
311 316
311 317
311 318
311 319
311 321
311 322
311 323
311 324
311 325
311 327
311 332
312 313
312 314
312 315
312 316
312 317
312 318
312 319
312 320
312 321
312 322
312 323
312 324
312 325
312 327
312 330
312 332
313 315
313 316
313 317
313 318
313 322
313 323
313 324
313 325
314 315
314 316
314 317
314 318
314 319
314 321
314 322
314 323
314 324
314 325
314 327
315 316
315 317
315 318
315 319
315 320
315 321
315 322
315 323
315 324
315 325
315 326
315 327
315 330
315 331
315 332
316 317
316 318
316 319
316 321
316 322
316 323
316 324
316 325
316 327
317 318
317 319
317 321
317 322
317 323
317 324
317 325
317 326
317 327
317 332
318 319
318 320
318 321
318 322
318 323
318 324
318 325
318 327
318 330
318 332
319 320
319 321
319 322
319 323
319 324
319 325
319 326
319 327
319 328
319 329
319 331
319 332
319 333
320 321
320 322
320 323
320 324
320 328
320 329
320 330
320 331
320 332
320 333
321 322
321 323
321 324
321 325
321 327
321 328
321 329
321 330
321 331
321 332
321 333
322 323
322 324
322 325
322 327
322 330
322 331
322 332
323 324
323 325
323 327
323 330
323 331
323 332
324 325
324 327
324 330
324 332
325 326
325 327
325 332
328 329
328 331
328 332
328 333
329 331
329 332
329 333
330 331
330 332
331 332
331 333
332 333
334 335
334 336
334 344
334 347
334 348
334 350
334 359
334 360
334 362
334 365
334 366
334 367
334 368
334 374
334 375
334 378
334 379
334 381
334 383
334 385
334 386
334 387
334 388
334 389
334 390
334 391
334 392
334 393
334 399
335 336
335 344
335 345
335 347
335 348
335 350
335 355
335 358
335 359
335 360
335 362
335 365
335 366
335 367
335 368
335 371
335 373
335 374
335 375
335 378
335 379
335 381
335 383
335 384
335 385
335 386
335 387
335 388
335 389
335 390
335 391
335 392
335 393
335 399
335 400
336 344
336 347
336 348
336 349
336 360
336 362
336 365
336 366
336 367
336 374
336 375
336 376
336 377
336 378
336 379
336 380
336 381
336 383
336 385
336 386
336 387
336 388
336 389
336 390
336 391
336 392
336 393
336 398
336 399
337 338
337 339
337 340
337 341
337 342
337 343
337 351
337 352
337 353
337 354
337 356
337 357
337 361
337 363
337 370
337 394
337 395
337 396
337 402
338 339
338 340
338 341
338 342
338 343
338 351
338 352
338 353
338 354
338 356
338 357
338 361
338 363
338 370
338 394
338 395
338 396
338 402
339 340
339 341
339 342
339 343
339 351
339 352
339 353
339 354
339 356
339 357
339 361
339 363
339 370
339 394
339 395
339 396
339 402
340 341
340 342
340 343
340 351
340 352
340 353
340 354
340 356
340 357
340 361
340 363
340 370
340 394
340 395
340 396
340 402
341 342
341 343
341 345
341 346
341 349
341 350
341 351
341 352
341 353
341 354
341 356
341 357
341 359
341 361
341 362
341 363
341 364
341 368
341 370
341 372
341 376
341 377
341 389
341 394
341 395
341 396
341 397
341 401
341 402
341 403
341 404
342 343
342 351
342 352
342 353
342 354
342 356
342 357
342 361
342 363
342 370
342 394
342 395
342 396
342 402
343 351
343 352
343 353
343 354
343 356
343 357
343 361
343 363
343 370
343 394
343 395
343 396
343 402
344 347
344 348
344 360
344 366
344 367
344 374
344 375
344 378
344 379
344 383
344 385
344 386
344 387
344 388
344 389
344 390
344 391
344 392
344 393
344 399
345 350
345 351
345 359
345 368
345 371
345 372
345 389
345 400
345 401
346 353
346 354
346 363
346 395
346 396
346 397
346 402
346 403
346 404
347 348
347 349
347 350
347 359
347 360
347 362
347 365
347 366
347 367
347 368
347 374
347 375
347 376
347 377
347 378
347 379
347 380
347 381
347 383
347 385
347 386
347 387
347 388
347 389
347 390
347 391
347 392
347 393
347 398
347 399
348 349
348 360
348 362
348 365
348 366
348 367
348 374
348 375
348 376
348 377
348 378
348 379
348 380
348 381
348 383
348 385
348 386
348 387
348 388
348 389
348 390
348 391
348 392
348 393
348 398
348 399
349 353
349 357
349 361
349 362
349 363
349 364
349 366
349 367
349 375
349 376
349 377
349 378
349 379
349 380
349 387
349 390
349 391
349 393
349 398
349 399
350 351
350 359
350 366
350 368
350 370
350 372
350 373
350 382
350 384
350 386
350 389
350 390
350 392
350 401
351 352
351 353
351 354
351 356
351 357
351 359
351 361
351 363
351 368
351 370
351 372
351 382
351 389
351 394
351 395
351 396
351 401
351 402
352 353
352 354
352 356
352 357
352 361
352 363
352 370
352 394
352 395
352 396
352 402
353 354
353 356
353 357
353 361
353 362
353 363
353 364
353 370
353 376
353 377
353 394
353 395
353 396
353 397
353 402
353 403
353 404
354 356
354 357
354 361
354 363
354 370
354 394
354 395
354 396
354 397
354 402
354 403
354 404
355 358
355 359
355 368
355 373
355 384
355 388
355 389
355 390
356 357
356 361
356 363
356 370
356 394
356 395
356 396
356 402
357 361
357 362
357 363
357 364
357 370
357 376
357 377
357 394
357 395
357 396
357 402
358 359
358 368
358 373
358 384
358 388
358 389
358 390
359 366
359 368
359 372
359 373
359 384
359 386
359 388
359 389
359 390
359 392
359 401
360 362
360 365
360 366
360 367
360 374
360 375
360 378
360 379
360 381
360 383
360 385
360 386
360 387
360 388
360 389
360 390
360 391
360 392
360 393
360 399
361 362
361 363
361 364
361 370
361 376
361 377
361 394
361 395
361 396
361 402
362 363
362 364
362 366
362 367
362 375
362 376
362 377
362 378
362 379
362 380
362 387
362 390
362 391
362 392
362 393
362 398
362 399
363 364
363 370
363 376
363 377
363 394
363 395
363 396
363 397
363 402
363 403
363 404
364 376
364 377
365 366
365 367
365 374
365 378
365 379
365 381
365 385
365 387
365 388
365 389
365 390
365 391
365 392
365 393
365 399
366 367
366 368
366 374
366 375
366 376
366 377
366 378
366 379
366 380
366 381
366 383
366 385
366 386
366 387
366 388
366 389
366 390
366 391
366 392
366 393
366 398
366 399
367 374
367 375
367 376
367 377
367 378
367 379
367 380
367 381
367 383
367 385
367 386
367 387
367 388
367 389
367 390
367 391
367 392
367 393
367 398
367 399
368 370
368 371
368 372
368 373
368 382
368 384
368 386
368 388
368 389
368 390
368 392
368 400
368 401
370 382
370 389
370 394
370 395
370 396
370 402
371 389
371 400
372 389
372 401
373 384
373 388
373 389
373 390
374 375
374 378
374 379
374 381
374 383
374 385
374 386
374 387
374 388
374 389
374 390
374 391
374 392
374 393
374 399
375 376
375 377
375 378
375 379
375 380
375 383
375 385
375 386
375 387
375 388
375 389
375 390
375 391
375 392
375 393
375 398
375 399
376 377
376 378
376 379
376 380
376 387
376 390
376 391
376 393
376 398
376 399
377 378
377 379
377 380
377 387
377 390
377 391
377 393
377 398
377 399
378 379
378 380
378 381
378 383
378 385
378 386
378 387
378 388
378 389
378 390
378 391
378 392
378 393
378 398
378 399
379 380
379 381
379 383
379 385
379 386
379 387
379 388
379 389
379 390
379 391
379 392
379 393
379 398
379 399
380 387
380 390
380 391
380 393
380 398
380 399
381 385
381 387
381 388
381 389
381 390
381 391
381 392
381 393
381 399
382 389
383 385
383 386
383 387
383 388
383 389
383 390
383 391
383 392
383 393
383 399
384 388
384 389
384 390
385 386
385 387
385 388
385 389
385 390
385 391
385 392
385 393
385 399
386 387
386 388
386 389
386 390
386 391
386 392
386 393
386 399
387 388
387 389
387 390
387 391
387 392
387 393
387 398
387 399
388 389
388 390
388 391
388 392
388 393
388 399
389 390
389 391
389 392
389 393
389 399
389 400
389 401
390 391
390 392
390 393
390 398
390 399
391 392
391 393
391 398
391 399
392 393
392 399
393 398
393 399
394 395
394 396
394 402
395 396
395 397
395 402
395 403
395 404
396 397
396 402
396 403
396 404
397 402
397 403
397 404
398 399
402 403
402 404
403 404
original_pcis
487
488
486
214
237
440
46
404
208
227
69
56
436
402
359
358
474
274
476
86
84
85
70
71
396
80
78
79
63
140
139
228
451
149
327
220
350
22
21
47
318
403
173
25
24
62
34
51
35
156
439
218
39
208
170
201
202
203
387
388
353
279
223
317
98
430
96
256
257
255
93
154
98
372
103
302
27
328
8
191
256
189
465
466
467
81
385
230
243
245
244
378
199
392
189
190
191
401
88
399
126
229
191
481
480
413
363
379
392
219
455
274
5
70
3
90
308
307
327
328
329
339
169
221
467
466
465
195
220
152
210
64
281
77
184
75
88
488
347
346
345
430
431
429
294
41
39
363
58
371
440
238
438
389
387
388
287
286
285
224
16
222
50
97
48
456
463
419
146
61
144
0
331
197
338
241
423
110
262
213
501
502
503
13
470
360
351
364
353
69
433
71
293
280
291
198
277
434
342
322
323
58
57
326
183
442
441
167
385
404
198
225
212
151
210
218
216
217
395
393
394
224
186
187
380
378
379
494
195
493
156
91
159
388
260
477
19
314
273
269
267
268
231
485
484
310
234
323
0
0
0
0
0
0
0
0
0
0
0
0
0
0
0
0
0
0
0
0
0
0
0
0
0
0
0
0
0
0
0
0
0
0
0
0
0
0
0
0
0
0
0
0
0
0
0
0
0
0
0
0
0
0
0
0
0
0
0
0
0
0
0
0
0
0
0
0
0
0
0
0
0
0
0
0
0
0
0
0
0
0
0
0
0
0
0
0
0
0
0
0
0
0
0
0
0
0
0
0
0
0
0
0
0
0
0
0
0
0
0
0
0
0
0
0
0
0
0
0
0
0
0
0
0
0
0
0
0
0
0
0
0
0
0
0
0
0
0
0
0
0
0
0
0
0
0
0
0
0
0
0
0
0
0
0
0
cp_solver_time 0.530769043
feasible_solution
13
23
10
7
36
20
4
11
6
11
18
6
27
50
51
3
6
19
10
7
33
12
12
5
9
44
20
48
38
16
4
7
35
31
2
5
24
15
11
32
35
13
16
49
22
24
8
2
37
25
34
17
20
22
4
18
26
24
39
17
14
23
41
52
6
28
47
8
12
9
10
31
18
24
35
12
3
19
25
20
47
11
30
8
23
24
39
41
8
29
12
7
5
15
17
11
18
2
36
48
42
46
18
25
31
29
33
15
3
26
29
27
6
18
7
19
21
8
43
21
40
23
6
9
3
27
5
26
28
33
34
8
14
9
13
5
13
3
55
10
8
32
21
14
10
17
34
12
8
37
2
27
12
17
30
39
22
3
33
25
46
41
44
38
31
16
23
22
32
5
25
3
24
9
35
31
10
4
15
2
3
19
28
19
13
42
31
21
10
23
9
18
4
7
14
33
34
32
26
28
11
20
9
6
3
16
17
22
19
32
40
30
25
45
30
2
14
16
37
21
22
5
27
20
32
13
15
23
34
7
2
4
17
22
18
28
6
26
14
12
16
36
5
6
11
34
27
23
6
26
3
4
27
18
11
17
3
33
5
4
24
3
39
43
26
13
21
52
14
10
20
15
9
2
9
13
26
6
14
11
12
6
36
3
13
9
2
17
31
10
7
25
24
14
2
30
17
14
35
2
13
26
16
7
3
20
6
4
22
17
2
19
15
3
10
9
2
6
14
3
8
5
28
26
20
11
4
4
29
14
13
15
2
16
16
7
30
5
19
8
18
4
2
13
29
14
7
8
14
9
18
7
21
12
15
8
17
23
5
22
28
16
5
24
10
21
15
27
29
2
20
18
8
15
26
31
3
7
22
32
12
5
8
21
11
23
5
24
18
12
2
25
19
10
9
22
10
5
4
13
6
23
14
6
2
num_inter_technology_neighbors 0
inter_technology_neighbors
