instance_name pci_058_n0238_squz
instance_group squz
min_allowed_pci 0
max_allowed_pci 61
module_k 4
num_nodes 238
num_top_neighbors 222
0 118
0 132
1 135
1 136
2 135
2 144
3 36
3 37
4 128
4 143
5 77
5 99
6 66
6 123
7 8
7 109
8 108
9 73
9 79
10 116
10 208
11 72
11 73
12 18
12 92
13 91
13 94
14 46
14 89
15 16
15 84
16 81
17 55
17 154
18 57
19 47
19 76
20 59
20 98
21 22
21 23
22 23
24 149
24 172
25 60
26 71
26 105
27 74
27 109
28 29
28 131
29 68
30 137
30 208
31 82
31 154
32 120
32 129
33 35
33 48
34 43
34 83
35 42
36 194
37 128
38 97
38 189
39 63
39 111
40 45
40 90
41 150
41 151
42 107
43 101
44 88
44 90
45 169
46 76
47 89
48 49
49 86
51 52
51 53
52 53
54 56
54 67
55 81
56 125
57 87
58 77
58 119
59 75
60 140
61 62
62 113
63 108
64 107
64 127
65 103
66 68
67 122
69 106
69 114
71 125
72 74
75 145
79 120
80 85
80 148
82 115
83 139
84 122
85 130
87 94
88 95
91 131
92 127
95 96
96 101
97 172
98 145
99 118
100 102
103 171
104 105
104 141
106 111
110 113
110 130
112 114
112 140
115 137
116 209
117 121
117 152
119 132
121 129
123 142
126 150
126 194
134 136
138 209
138 210
139 152
141 142
143 144
146 147
148 210
149 180
155 156
155 157
156 228
157 227
158 229
158 231
159 166
159 170
160 173
160 174
161 206
161 229
162 200
162 206
163 197
163 216
164 166
164 230
165 170
165 230
167 224
167 226
168 176
168 187
169 234
171 236
173 207
174 177
175 181
175 184
176 190
177 179
178 183
178 191
179 236
180 193
181 234
182 191
182 192
184 233
185 186
185 193
186 192
187 189
190 226
196 201
196 205
197 224
198 217
198 219
199 214
199 223
200 201
202 213
202 225
203 212
204 222
204 225
205 215
207 227
211 212
211 214
213 228
216 218
217 220
218 221
219 222
220 223
221 237
231 235
232 233
235 237
num_regular_neighbors 1797
0 1
0 2
0 98
0 119
0 143
0 144
0 145
1 2
1 58
1 59
1 75
1 132
1 133
1 144
2 20
2 58
2 59
2 75
2 76
2 77
2 119
2 132
2 133
2 145
3 4
3 5
3 38
3 57
3 97
3 99
3 118
3 126
3 128
3 143
3 168
3 169
4 5
4 12
4 14
4 18
4 20
4 37
4 38
4 45
4 46
4 47
4 57
4 58
4 59
4 76
4 87
4 88
4 97
4 127
4 180
5 20
5 38
5 57
5 59
5 75
5 97
5 98
5 118
5 119
5 128
5 132
5 134
5 143
5 145
6 7
6 8
6 29
6 60
6 61
6 62
6 68
6 93
6 106
6 113
6 124
6 125
6 131
6 140
6 141
6 142
7 13
7 15
7 26
7 29
7 37
7 54
7 55
7 61
7 62
7 66
7 67
7 68
7 91
7 97
7 104
7 106
7 107
7 111
7 113
7 127
7 129
7 130
7 131
7 140
7 141
7 150
7 177
7 197
7 236
8 13
8 15
8 29
8 33
8 54
8 55
8 56
8 70
8 90
8 91
8 104
8 106
8 107
8 109
8 111
8 113
8 114
8 123
8 125
8 131
8 141
8 177
9 10
9 11
9 30
9 72
9 115
9 146
9 148
9 208
9 209
10 11
10 115
10 137
10 138
10 147
10 148
10 209
10 210
11 30
11 31
11 32
11 79
11 85
11 115
11 117
11 137
11 148
11 152
11 154
11 208
11 210
12 13
12 14
12 26
12 29
12 37
12 39
12 40
12 41
12 44
12 45
12 56
12 57
12 63
12 64
12 69
12 71
12 87
12 90
12 94
12 107
12 108
12 111
12 114
12 125
12 126
12 127
12 128
12 150
12 151
12 180
12 193
13 14
13 33
13 34
13 37
13 39
13 40
13 42
13 43
13 44
13 54
13 55
13 56
13 57
13 64
13 70
13 90
13 92
13 95
13 97
13 107
13 108
13 109
13 110
13 111
13 127
13 131
14 18
14 19
14 35
14 40
14 43
14 44
14 45
14 47
14 64
14 76
14 88
14 92
14 94
14 95
14 96
14 101
14 102
14 127
15 17
15 28
15 29
15 33
15 48
15 54
15 55
15 81
15 91
15 109
15 110
15 111
15 114
15 125
15 130
15 131
15 141
15 154
16 17
16 28
16 32
16 34
16 48
16 82
16 84
16 85
16 86
16 109
16 110
16 117
16 121
16 122
16 129
16 130
16 131
16 152
16 154
17 33
17 34
17 35
17 42
17 43
17 48
17 49
17 50
17 53
17 81
17 82
17 83
17 86
17 91
17 110
17 130
18 19
18 20
18 26
18 37
18 38
18 39
18 40
18 44
18 45
18 47
18 64
18 69
18 76
18 87
18 89
18 90
18 94
18 96
18 125
18 127
18 128
18 180
19 20
19 58
19 88
19 89
19 102
20 47
20 57
20 58
20 75
20 76
20 77
20 89
20 97
20 99
20 118
20 119
20 133
20 136
20 143
20 145
21 27
21 67
21 129
21 236
24 25
24 26
24 39
24 54
24 63
24 66
24 69
24 103
24 104
24 112
24 114
24 160
24 162
24 165
24 167
24 170
24 171
24 174
24 179
24 236
25 26
25 27
25 66
25 67
25 104
25 106
25 112
25 113
25 114
25 123
25 140
25 174
26 39
26 45
26 57
26 63
26 64
26 66
26 69
26 70
26 90
26 103
26 104
26 106
26 108
26 112
26 113
26 114
26 123
26 150
27 28
27 29
27 32
27 67
27 78
27 80
27 106
27 120
27 122
27 129
27 140
28 32
28 80
28 84
28 85
28 109
28 120
28 121
28 122
28 129
28 130
28 152
28 154
29 32
29 42
29 54
29 60
29 67
29 71
29 80
29 90
29 91
29 106
29 108
29 109
29 111
29 113
29 122
29 129
29 131
29 140
29 141
29 142
30 31
30 32
30 67
30 72
30 73
30 74
30 79
30 80
30 85
30 115
30 120
30 121
30 148
30 152
31 32
31 73
31 85
31 115
31 117
31 121
31 137
31 148
31 152
31 153
31 208
32 67
32 74
32 80
32 82
32 84
32 85
32 115
32 121
32 122
32 130
32 131
32 137
32 148
32 152
32 154
32 208
33 34
33 42
33 51
33 53
33 54
33 55
33 56
33 70
33 81
33 90
33 91
33 92
33 107
33 109
33 110
33 111
34 35
34 42
34 48
34 49
34 50
34 51
34 55
34 64
34 81
34 86
34 91
34 107
34 110
34 154
35 43
35 44
35 46
35 50
35 83
35 88
35 91
35 92
35 95
35 96
35 100
35 101
35 102
35 110
35 154
36 37
36 38
36 45
36 87
36 97
36 114
36 126
36 128
36 168
36 169
36 172
36 175
36 177
36 180
36 181
36 185
36 187
36 189
36 193
36 197
36 227
37 38
37 40
37 44
37 45
37 46
37 54
37 57
37 87
37 90
37 92
37 94
37 95
37 97
37 109
37 127
37 180
37 194
38 41
38 45
38 57
38 59
38 87
38 98
38 99
38 118
38 128
38 143
38 151
38 172
38 180
39 40
39 41
39 45
39 56
39 64
39 65
39 69
39 70
39 71
39 90
39 94
39 103
39 104
39 105
39 106
39 107
39 108
39 114
39 125
39 126
39 127
39 149
39 150
39 151
39 180
40 41
40 44
40 55
40 56
40 57
40 71
40 87
40 91
40 92
40 94
40 108
40 111
40 127
41 99
41 114
41 126
41 127
41 178
41 180
41 189
41 194
42 43
42 44
42 48
42 54
42 55
42 56
42 67
42 90
42 91
42 92
42 95
42 109
42 110
42 111
42 131
42 141
43 44
43 46
43 50
43 88
43 91
43 92
43 95
43 96
43 100
43 102
44 45
44 46
44 57
44 87
44 92
44 94
44 95
44 96
44 102
44 127
45 46
45 47
45 57
45 87
45 88
45 90
45 94
45 96
45 126
45 127
45 128
45 180
45 193
46 47
46 50
46 87
46 88
46 89
46 92
46 95
46 96
46 100
46 101
46 102
47 58
47 76
47 87
47 88
47 92
47 96
47 102
48 50
48 55
48 81
48 83
48 86
48 91
48 109
48 110
48 111
48 121
48 129
48 130
48 154
49 50
49 51
49 53
49 83
49 110
49 154
50 83
50 95
50 110
51 83
53 83
53 110
53 154
54 55
54 68
54 90
54 91
54 104
54 106
54 107
54 108
54 109
54 111
54 113
54 114
54 123
54 125
54 131
54 141
55 56
55 64
55 83
55 91
55 107
55 109
55 110
55 111
55 131
55 150
56 64
56 69
56 70
56 71
56 90
56 91
56 92
56 107
56 108
56 111
56 127
57 58
57 59
57 70
57 75
57 76
57 90
57 94
57 97
57 98
57 106
57 108
57 114
57 118
57 123
57 127
57 128
57 134
57 143
57 180
58 59
58 75
58 76
58 89
58 98
58 133
58 134
58 135
58 144
58 145
59 77
59 98
59 99
59 118
59 119
59 134
59 135
59 136
59 143
59 144
59 145
60 61
60 62
60 66
60 68
60 106
60 112
60 113
60 123
60 142
61 113
61 141
61 142
62 106
62 123
62 124
62 125
62 131
62 141
62 142
63 64
63 65
63 69
63 90
63 103
63 104
63 105
63 114
63 149
63 150
63 171
63 174
63 179
63 188
63 197
64 65
64 69
64 70
64 71
64 90
64 92
64 104
64 105
64 108
64 114
64 150
64 174
64 177
65 69
65 105
65 108
65 114
65 149
65 150
66 67
66 104
66 106
66 112
66 113
66 114
66 123
66 140
66 142
66 165
66 171
67 68
67 78
67 80
67 106
67 109
67 112
67 113
67 120
67 123
67 129
67 131
67 140
67 165
68 106
68 109
68 113
68 129
68 131
68 140
68 141
69 70
69 71
69 90
69 94
69 95
69 97
69 103
69 104
69 105
69 108
69 127
69 149
69 150
69 176
69 177
69 179
69 197
69 221
70 71
70 90
70 91
70 106
70 107
70 108
70 109
70 111
70 114
70 150
71 90
71 94
71 107
71 108
71 111
71 114
71 131
71 150
72 73
72 79
72 115
72 120
72 148
72 208
73 74
73 79
73 115
73 117
73 137
73 148
73 152
73 153
73 208
74 79
74 80
74 82
74 85
74 115
74 120
74 121
74 137
74 154
74 208
75 76
75 77
75 118
75 132
75 133
75 134
75 135
75 136
75 143
75 144
76 77
76 89
76 102
76 133
76 144
77 89
77 98
77 119
77 132
77 133
77 136
77 144
77 145
78 79
78 80
78 120
79 80
79 85
79 115
79 121
79 146
79 148
79 208
80 83
80 110
80 120
80 121
80 122
80 129
80 131
80 152
80 154
80 208
81 82
81 83
81 84
81 86
81 91
81 109
81 110
81 111
81 130
81 131
81 154
82 83
82 85
82 86
82 110
82 117
82 121
82 130
82 152
82 153
82 154
83 86
83 91
83 110
83 130
83 154
84 85
84 86
84 109
84 121
84 129
84 130
84 131
85 86
85 115
85 117
85 120
85 121
85 129
85 137
85 152
85 153
85 154
85 208
86 110
86 130
86 154
87 88
87 89
87 96
87 127
87 128
88 89
88 96
88 101
88 102
89 96
89 102
90 91
90 92
90 94
90 97
90 103
90 105
90 107
90 108
90 111
90 114
90 125
90 127
90 150
90 174
90 180
91 92
91 106
91 107
91 109
91 110
91 111
91 127
91 141
91 150
92 94
92 95
92 107
92 125
92 150
93 113
93 123
93 125
94 95
94 96
94 127
94 128
95 102
96 102
97 98
97 99
97 109
97 118
97 126
97 128
97 143
97 151
97 175
97 180
97 189
97 193
97 227
98 99
98 118
98 119
98 132
98 136
98 143
99 132
99 145
99 151
100 101
101 102
103 104
103 105
103 108
103 114
103 149
103 165
103 170
103 172
103 174
103 179
103 188
103 236
104 106
104 108
104 109
104 112
104 113
104 114
104 123
104 131
104 150
105 108
105 114
105 150
105 174
106 107
106 108
106 109
106 112
106 113
106 114
106 123
106 125
106 131
106 140
106 141
106 142
106 150
107 108
107 109
107 111
107 113
107 125
107 127
107 131
107 150
108 111
108 114
108 125
108 150
108 174
108 177
109 110
109 111
109 113
109 121
109 122
109 127
109 129
109 130
109 131
109 140
109 141
109 150
109 154
109 174
109 177
109 197
110 111
110 154
111 125
111 131
111 141
112 113
112 123
113 114
113 123
113 125
113 129
113 131
113 140
113 141
113 142
114 123
114 125
114 149
114 150
115 116
115 117
115 120
115 121
115 148
115 152
115 208
115 210
116 117
116 137
116 138
116 139
116 147
116 148
116 153
116 208
116 210
117 137
117 139
117 148
117 153
117 154
117 210
118 119
118 143
118 145
119 136
119 143
119 144
119 145
120 121
120 122
120 129
120 137
120 208
121 122
121 130
121 137
121 148
121 152
121 154
121 208
122 129
122 131
123 124
123 125
124 125
125 142
126 127
126 128
126 151
126 180
126 181
126 189
126 193
127 128
127 131
127 150
127 151
127 180
128 180
128 189
128 194
129 130
129 131
129 137
129 140
130 131
130 152
130 154
131 140
131 141
131 150
131 154
132 133
132 144
132 145
133 135
133 144
134 135
134 143
134 144
135 136
135 144
135 145
136 143
136 144
136 145
137 138
137 139
137 148
137 152
137 153
137 208
137 210
138 139
138 147
139 153
139 154
139 210
140 141
140 142
143 145
144 145
146 148
146 208
146 209
147 148
147 209
147 210
148 152
148 154
148 208
148 209
149 171
149 172
149 174
149 179
149 188
150 180
151 169
151 180
151 189
151 193
152 153
152 154
152 208
153 154
153 210
155 167
155 204
155 213
155 222
155 227
155 228
156 157
156 167
156 168
156 173
156 176
156 178
156 197
156 207
156 219
156 221
156 226
156 227
156 237
157 167
157 169
157 228
158 159
158 160
158 162
158 163
158 164
158 166
158 173
158 197
158 200
158 207
158 230
158 235
159 160
159 162
159 164
159 165
159 171
159 230
159 231
159 236
160 162
160 165
160 166
160 170
160 171
160 172
160 231
160 235
160 236
160 237
161 162
161 163
161 196
161 199
161 200
161 205
161 207
162 163
162 164
162 165
162 166
162 171
162 229
162 230
162 231
162 235
162 236
163 166
163 167
163 168
163 173
163 176
163 196
163 200
163 201
163 207
163 215
163 219
163 221
163 226
163 231
163 235
163 237
164 165
164 170
164 229
164 231
165 166
165 171
165 172
165 174
165 236
166 170
166 197
166 231
166 235
166 236
166 237
167 168
167 169
167 173
167 176
167 178
167 187
167 190
167 197
167 201
167 216
167 219
167 221
167 227
167 237
168 169
168 173
168 177
168 178
168 181
168 185
168 190
168 191
168 193
168 197
168 221
168 227
168 234
168 235
168 237
169 178
169 181
169 185
169 190
169 193
169 195
169 197
169 227
169 237
170 171
170 172
170 173
170 177
170 179
170 200
170 235
170 236
170 237
171 172
171 174
171 179
172 173
172 174
172 177
172 179
172 180
172 188
172 236
172 237
173 174
173 175
173 176
173 177
173 178
173 179
173 181
173 187
173 188
173 191
173 197
173 216
173 221
173 226
173 227
173 235
173 236
173 237
174 175
174 179
174 180
174 188
174 236
175 177
175 179
175 180
175 187
175 188
175 189
175 193
175 194
176 177
176 178
176 181
176 187
176 196
176 197
176 200
176 207
176 216
176 219
176 221
176 226
176 227
176 235
176 236
176 237
177 178
177 180
177 181
177 187
177 188
177 190
177 191
177 236
177 237
178 181
178 185
178 187
178 190
178 192
178 193
178 197
178 221
178 227
178 232
178 234
178 237
179 180
179 181
179 188
179 237
180 181
180 184
180 188
180 189
180 191
180 192
180 194
180 197
181 183
181 184
181 185
181 186
181 187
181 188
181 189
181 190
181 191
181 192
181 193
181 194
181 233
181 237
182 183
182 184
182 185
182 186
182 187
182 190
182 233
183 184
183 186
183 187
183 191
184 186
184 187
184 189
184 191
184 192
184 193
184 194
184 234
185 187
185 190
185 192
185 232
185 233
185 234
185 237
186 187
186 191
186 233
187 188
187 190
187 191
187 192
187 197
187 221
187 233
188 189
189 191
189 192
189 193
189 194
189 233
189 234
190 191
190 192
190 193
190 197
190 216
190 221
190 227
190 232
190 234
190 237
191 192
191 233
192 193
192 232
192 233
192 234
193 194
193 195
193 234
194 195
196 197
196 198
196 199
196 200
196 206
196 207
196 214
196 215
196 216
196 218
196 223
197 198
197 200
197 201
197 207
197 215
197 216
197 218
197 219
197 221
197 223
197 226
197 227
197 231
197 235
197 237
198 201
198 202
198 203
198 212
198 214
198 216
198 218
198 220
198 221
198 223
199 200
199 201
199 205
199 206
199 207
199 215
199 218
200 206
200 207
200 215
200 216
200 235
201 205
201 207
201 212
201 214
201 215
201 216
201 218
201 221
201 223
202 203
202 204
202 211
202 212
202 214
202 217
202 220
202 222
202 223
203 204
203 214
203 217
203 218
203 220
203 223
203 225
204 213
204 217
204 219
204 220
204 221
204 223
204 224
204 226
204 228
205 206
205 207
205 211
205 212
205 214
205 218
205 223
206 207
206 218
206 229
206 235
207 215
207 216
207 221
207 226
207 235
207 237
208 209
208 210
209 210
211 213
211 220
212 213
212 214
212 217
212 220
212 223
212 225
213 217
213 222
213 225
213 226
214 215
214 216
214 217
214 218
214 220
214 223
215 216
215 218
215 223
215 235
216 221
217 218
217 219
217 222
217 223
217 224
217 225
218 219
218 220
218 223
218 235
219 220
219 221
219 224
219 226
219 227
219 228
220 221
220 222
220 224
220 225
221 222
221 224
221 226
221 227
221 235
222 224
222 225
222 226
222 228
223 224
223 225
224 225
224 226
224 227
225 226
225 228
226 227
226 228
227 228
227 237
229 230
229 231
230 231
232 234
233 234
235 236
236 237
num_second_level_neighbors 6116
0 3
0 4
0 5
0 20
0 38
0 57
0 58
0 59
0 75
0 76
0 77
0 97
0 99
0 133
0 134
0 135
0 136
1 4
1 5
1 19
1 20
1 38
1 47
1 57
1 76
1 77
1 89
1 98
1 99
1 118
1 119
1 134
1 143
1 145
2 4
2 5
2 14
2 18
2 19
2 38
2 46
2 47
2 57
2 89
2 97
2 98
2 99
2 102
2 118
2 134
2 136
2 143
3 7
3 12
3 13
3 14
3 18
3 20
3 26
3 39
3 40
3 41
3 44
3 45
3 46
3 47
3 54
3 58
3 59
3 69
3 70
3 75
3 76
3 77
3 87
3 88
3 90
3 92
3 94
3 95
3 98
3 106
3 108
3 109
3 114
3 119
3 123
3 127
3 132
3 134
3 136
3 144
3 145
3 150
3 151
3 156
3 157
3 163
3 167
3 172
3 173
3 175
3 176
3 177
3 178
3 180
3 181
3 185
3 187
3 189
3 190
3 191
3 193
3 194
3 195
3 197
3 221
3 227
3 234
3 235
3 237
4 7
4 13
4 19
4 26
4 29
4 35
4 36
4 39
4 40
4 41
4 43
4 44
4 50
4 54
4 56
4 63
4 64
4 69
4 70
4 71
4 75
4 77
4 89
4 90
4 91
4 92
4 94
4 95
4 96
4 98
4 99
4 100
4 101
4 102
4 106
4 107
4 108
4 109
4 111
4 114
4 118
4 119
4 123
4 125
4 126
4 131
4 132
4 133
4 134
4 135
4 136
4 144
4 145
4 149
4 150
4 151
4 168
4 169
4 172
4 174
4 175
4 177
4 179
4 181
4 184
4 188
4 189
4 191
4 192
4 193
4 194
4 197
4 227
5 7
5 12
5 13
5 14
5 18
5 19
5 26
5 36
5 37
5 40
5 41
5 44
5 45
5 46
5 47
5 58
5 69
5 70
5 76
5 87
5 88
5 89
5 90
5 94
5 106
5 108
5 109
5 114
5 123
5 126
5 127
5 133
5 135
5 136
5 144
5 151
5 168
5 169
5 172
5 175
5 180
5 189
5 193
5 194
5 227
6 12
6 13
6 15
6 16
6 18
6 24
6 25
6 26
6 27
6 28
6 32
6 33
6 37
6 39
6 42
6 54
6 55
6 56
6 57
6 67
6 69
6 70
6 71
6 80
6 81
6 84
6 90
6 91
6 92
6 97
6 104
6 107
6 108
6 109
6 110
6 111
6 112
6 114
6 122
6 127
6 129
6 130
6 150
6 154
6 165
6 171
6 177
6 197
6 236
7 12
7 14
7 16
7 17
7 18
7 20
7 21
7 24
7 25
7 27
7 28
7 30
7 32
7 33
7 34
7 35
7 36
7 38
7 39
7 40
7 41
7 42
7 43
7 44
7 45
7 46
7 48
7 56
7 57
7 60
7 63
7 64
7 65
7 69
7 70
7 71
7 78
7 80
7 81
7 82
7 83
7 84
7 85
7 86
7 87
7 90
7 92
7 93
7 94
7 95
7 98
7 99
7 103
7 105
7 108
7 110
7 112
7 114
7 118
7 120
7 121
7 122
7 123
7 124
7 125
7 126
7 128
7 137
7 142
7 143
7 151
7 152
7 154
7 156
7 158
7 159
7 160
7 162
7 163
7 165
7 166
7 167
7 168
7 169
7 170
7 171
7 172
7 173
7 174
7 175
7 176
7 178
7 179
7 180
7 181
7 187
7 188
7 189
7 190
7 191
7 193
7 194
7 196
7 198
7 200
7 201
7 207
7 215
7 216
7 218
7 219
7 221
7 223
7 224
7 226
7 227
7 231
7 235
7 237
8 12
8 14
8 16
8 17
8 18
8 24
8 25
8 26
8 27
8 28
8 32
8 34
8 35
8 36
8 37
8 39
8 40
8 41
8 42
8 43
8 44
8 45
8 48
8 51
8 53
8 57
8 60
8 61
8 62
8 63
8 64
8 65
8 66
8 67
8 68
8 69
8 71
8 80
8 81
8 83
8 84
8 92
8 93
8 94
8 95
8 97
8 103
8 105
8 110
8 112
8 121
8 122
8 124
8 127
8 129
8 130
8 140
8 142
8 149
8 150
8 154
8 168
8 170
8 172
8 173
8 174
8 175
8 176
8 178
8 179
8 180
8 181
8 187
8 188
8 190
8 191
8 197
8 236
8 237
9 31
9 32
9 67
9 74
9 78
9 80
9 82
9 85
9 116
9 117
9 120
9 121
9 137
9 138
9 147
9 152
9 153
9 154
9 210
10 30
10 31
10 32
10 72
10 73
10 74
10 79
10 80
10 82
10 85
10 117
10 120
10 121
10 129
10 139
10 146
10 152
10 153
10 154
11 15
11 16
11 17
11 27
11 28
11 29
11 34
11 35
11 48
11 49
11 53
11 67
11 74
11 78
11 80
11 81
11 82
11 83
11 84
11 86
11 109
11 110
11 116
11 120
11 121
11 122
11 129
11 130
11 131
11 138
11 139
11 146
11 147
11 153
11 209
12 15
12 19
12 20
12 24
12 25
12 27
12 28
12 32
12 33
12 34
12 35
12 36
12 38
12 42
12 43
12 46
12 47
12 48
12 54
12 55
12 58
12 59
12 60
12 62
12 65
12 66
12 67
12 68
12 70
12 75
12 76
12 80
12 81
12 88
12 89
12 91
12 93
12 95
12 96
12 97
12 98
12 99
12 101
12 102
12 103
12 104
12 105
12 106
12 109
12 110
12 112
12 113
12 118
12 122
12 123
12 124
12 129
12 131
12 134
12 140
12 141
12 142
12 143
12 149
12 168
12 169
12 171
12 172
12 174
12 175
12 176
12 177
12 178
12 179
12 181
12 184
12 185
12 188
12 189
12 190
12 191
12 192
12 194
12 195
12 197
12 221
12 234
13 15
13 16
13 17
13 18
13 19
13 20
13 24
13 26
13 27
13 28
13 29
13 32
13 35
13 36
13 38
13 41
13 45
13 46
13 47
13 48
13 49
13 50
13 51
13 53
13 58
13 59
13 61
13 62
13 63
13 65
13 66
13 67
13 68
13 69
13 71
13 75
13 76
13 80
13 81
13 82
13 83
13 84
13 86
13 87
13 88
13 89
13 96
13 98
13 99
13 100
13 101
13 102
13 103
13 104
13 105
13 106
13 113
13 114
13 118
13 121
13 122
13 123
13 125
13 126
13 128
13 129
13 130
13 134
13 140
13 141
13 143
13 149
13 150
13 151
13 154
13 172
13 174
13 175
13 177
13 180
13 189
13 193
13 194
13 197
13 227
13 236
14 17
14 20
14 26
14 29
14 33
14 34
14 36
14 37
14 38
14 39
14 41
14 42
14 50
14 54
14 55
14 56
14 57
14 58
14 59
14 63
14 65
14 69
14 70
14 71
14 75
14 77
14 83
14 87
14 90
14 91
14 97
14 100
14 104
14 105
14 107
14 108
14 109
14 110
14 111
14 114
14 125
14 126
14 128
14 131
14 133
14 143
14 144
14 150
14 151
14 154
14 169
14 174
14 177
14 180
14 193
15 18
15 24
15 25
15 26
15 27
15 31
15 32
15 34
15 35
15 36
15 37
15 39
15 40
15 41
15 42
15 43
15 49
15 50
15 51
15 53
15 56
15 57
15 60
15 61
15 62
15 63
15 64
15 65
15 66
15 67
15 68
15 69
15 70
15 71
15 74
15 80
15 82
15 83
15 85
15 86
15 90
15 92
15 93
15 97
15 103
15 104
15 105
15 106
15 107
15 108
15 112
15 113
15 117
15 120
15 121
15 122
15 123
15 124
15 127
15 129
15 139
15 140
15 142
15 148
15 149
15 150
15 152
15 153
15 174
15 177
15 197
15 236
16 21
16 27
16 29
16 30
16 31
16 33
16 35
16 37
16 42
16 43
16 49
16 50
16 51
16 53
16 54
16 55
16 62
16 64
16 67
16 68
16 70
16 71
16 73
16 74
16 79
16 80
16 83
16 91
16 97
16 104
16 106
16 107
16 111
16 113
16 114
16 115
16 116
16 120
16 125
16 127
16 137
16 139
16 140
16 141
16 148
16 150
16 153
16 174
16 177
16 197
16 208
16 210
17 28
17 29
17 31
17 32
17 40
17 44
17 46
17 51
17 52
17 54
17 56
17 64
17 67
17 70
17 74
17 80
17 84
17 85
17 88
17 90
17 92
17 95
17 96
17 100
17 101
17 102
17 106
17 107
17 109
17 111
17 113
17 114
17 115
17 117
17 121
17 122
17 125
17 127
17 129
17 131
17 139
17 141
17 148
17 150
17 152
17 153
18 24
18 25
18 29
18 33
18 34
18 35
18 36
18 41
18 42
18 43
18 46
18 54
18 55
18 56
18 58
18 59
18 62
18 63
18 65
18 66
18 70
18 71
18 75
18 77
18 88
18 91
18 92
18 93
18 95
18 97
18 98
18 99
18 101
18 102
18 103
18 104
18 105
18 106
18 107
18 108
18 109
18 111
18 112
18 113
18 114
18 118
18 119
18 123
18 124
18 126
18 131
18 133
18 134
18 136
18 142
18 143
18 144
18 145
18 149
18 150
18 151
18 169
18 172
18 174
18 175
18 176
18 177
18 179
18 181
18 184
18 188
18 189
18 191
18 192
18 193
18 194
18 197
18 221
19 26
19 35
19 37
19 38
19 39
19 40
19 43
19 44
19 45
19 46
19 57
19 59
19 64
19 69
19 75
19 77
19 87
19 90
19 92
19 94
19 95
19 96
19 97
19 98
19 99
19 100
19 101
19 118
19 119
19 125
19 127
19 128
19 133
19 134
19 135
19 136
19 143
19 144
19 145
19 180
20 26
20 36
20 37
20 38
20 39
20 40
20 41
20 44
20 45
20 46
20 64
20 69
20 70
20 87
20 88
20 90
20 92
20 94
20 96
20 102
20 106
20 108
20 109
20 114
20 123
20 125
20 126
20 127
20 128
20 132
20 134
20 135
20 144
20 151
20 172
20 175
20 180
20 189
20 193
20 227
21 24
21 25
21 28
21 29
21 30
21 32
21 42
21 48
21 54
21 66
21 68
21 74
21 78
21 80
21 84
21 85
21 103
21 106
21 109
21 112
21 113
21 120
21 121
21 122
21 123
21 130
21 131
21 137
21 140
21 159
21 160
21 162
21 165
21 166
21 170
21 171
21 172
21 173
21 174
21 176
21 177
21 179
21 235
21 237
22 27
22 67
22 129
22 236
23 27
23 67
23 129
23 236
24 27
24 29
24 33
24 36
24 37
24 38
24 40
24 41
24 42
24 45
24 55
24 56
24 57
24 60
24 64
24 65
24 67
24 68
24 70
24 71
24 90
24 91
24 94
24 95
24 97
24 105
24 106
24 107
24 108
24 109
24 111
24 113
24 123
24 125
24 126
24 127
24 131
24 140
24 141
24 142
24 150
24 151
24 155
24 156
24 157
24 158
24 159
24 161
24 163
24 164
24 166
24 168
24 169
24 173
24 175
24 176
24 177
24 178
24 180
24 181
24 187
24 188
24 190
24 197
24 200
24 201
24 206
24 216
24 219
24 221
24 224
24 226
24 227
24 229
24 230
24 231
24 235
24 237
25 28
25 29
25 30
25 32
25 36
25 39
25 41
25 42
25 45
25 54
25 57
25 61
25 62
25 63
25 64
25 65
25 68
25 69
25 70
25 71
25 74
25 78
25 80
25 90
25 91
25 93
25 103
25 105
25 107
25 108
25 109
25 110
25 111
25 120
25 122
25 124
25 125
25 129
25 131
25 141
25 142
25 149
25 150
25 160
25 162
25 165
25 167
25 170
25 171
25 172
25 173
25 175
25 177
25 179
25 180
25 188
25 236
26 27
26 29
26 33
26 34
26 36
26 37
26 38
26 40
26 41
26 42
26 44
26 46
26 47
26 54
26 55
26 56
26 58
26 59
26 60
26 61
26 62
26 65
26 67
26 68
26 75
26 76
26 87
26 88
26 89
26 91
26 92
26 93
26 94
26 95
26 96
26 97
26 98
26 107
26 109
26 110
26 111
26 118
26 124
26 125
26 126
26 127
26 128
26 129
26 130
26 131
26 134
26 140
26 141
26 142
26 143
26 149
26 151
26 160
26 162
26 165
26 167
26 169
26 170
26 171
26 172
26 174
26 176
26 177
26 179
26 180
26 188
26 193
26 197
26 221
26 236
27 30
27 31
27 33
27 37
27 39
27 42
27 48
27 54
27 55
27 57
27 60
27 62
27 66
27 68
27 69
27 70
27 71
27 72
27 73
27 79
27 81
27 82
27 83
27 84
27 85
27 90
27 91
27 97
27 104
27 107
27 108
27 110
27 111
27 112
27 113
27 114
27 115
27 121
27 123
27 125
27 127
27 130
27 131
27 137
27 141
27 142
27 148
27 150
27 152
27 154
27 165
27 174
27 177
27 197
27 208
27 236
28 30
28 31
28 33
28 34
28 35
28 37
28 42
28 48
28 49
28 53
28 54
28 55
28 60
28 62
28 67
28 68
28 70
28 71
28 72
28 73
28 74
28 78
28 79
28 81
28 82
28 83
28 86
28 90
28 91
28 97
28 104
28 106
28 107
28 108
28 110
28 111
28 113
28 114
28 115
28 117
28 125
28 127
28 137
28 139
28 140
28 141
28 142
28 148
28 150
28 153
28 174
28 177
28 197
28 208
29 30
29 31
29 33
29 34
29 35
29 37
29 39
29 40
29 41
29 43
29 44
29 45
29 48
29 55
29 56
29 57
29 61
29 62
29 63
29 64
29 65
29 66
29 69
29 70
29 74
29 78
29 79
29 81
29 82
29 83
29 84
29 85
29 87
29 92
29 93
29 94
29 95
29 97
29 103
29 104
29 105
29 107
29 110
29 112
29 114
29 115
29 120
29 121
29 123
29 124
29 125
29 126
29 127
29 128
29 130
29 137
29 148
29 150
29 151
29 152
29 154
29 165
29 174
29 177
29 180
29 193
29 197
29 208
29 236
30 42
30 48
30 54
30 66
30 68
30 78
30 82
30 83
30 84
30 86
30 106
30 109
30 110
30 112
30 113
30 116
30 117
30 122
30 123
30 129
30 130
30 131
30 138
30 139
30 140
30 146
30 147
30 153
30 154
30 165
30 209
30 210
31 34
31 35
31 48
31 49
31 53
31 67
31 72
31 74
31 79
31 80
31 81
31 83
31 84
31 86
31 109
31 110
31 116
31 120
31 122
31 129
31 130
31 131
31 138
31 139
31 146
31 147
31 209
31 210
32 34
32 35
32 42
32 48
32 49
32 53
32 54
32 55
32 60
32 62
32 66
32 68
32 71
32 72
32 73
32 78
32 79
32 81
32 83
32 86
32 90
32 91
32 104
32 106
32 107
32 108
32 109
32 110
32 111
32 112
32 113
32 116
32 117
32 123
32 127
32 138
32 139
32 140
32 141
32 142
32 146
32 147
32 150
32 153
32 165
32 209
32 210
33 37
33 39
33 40
33 43
33 44
33 45
33 46
33 47
33 49
33 50
33 52
33 57
33 63
33 64
33 67
33 68
33 69
33 71
33 80
33 82
33 83
33 84
33 86
33 88
33 94
33 95
33 96
33 97
33 100
33 101
33 102
33 103
33 104
33 105
33 106
33 108
33 113
33 114
33 121
33 122
33 123
33 125
33 127
33 129
33 130
33 131
33 140
33 141
33 150
33 154
33 174
33 177
33 180
33 197
34 37
34 39
34 40
34 44
34 46
34 52
34 53
34 54
34 56
34 57
34 63
34 65
34 67
34 69
34 70
34 71
34 74
34 80
34 82
34 84
34 85
34 88
34 90
34 92
34 94
34 95
34 96
34 97
34 100
34 101
34 102
34 104
34 105
34 106
34 108
34 109
34 111
34 113
34 114
34 117
34 121
34 122
34 125
34 127
34 129
34 130
34 131
34 139
34 141
34 148
34 150
34 152
34 153
34 174
34 177
35 37
35 40
35 45
35 47
35 48
35 49
35 51
35 53
35 54
35 55
35 56
35 57
35 64
35 67
35 69
35 70
35 74
35 76
35 80
35 81
35 82
35 85
35 86
35 87
35 89
35 90
35 94
35 106
35 107
35 109
35 111
35 113
35 117
35 121
35 125
35 127
35 130
35 131
35 139
35 141
35 148
35 150
35 152
35 153
36 39
36 40
36 41
36 44
36 46
36 47
36 54
36 57
36 59
36 63
36 64
36 65
36 66
36 69
36 70
36 71
36 88
36 89
36 90
36 92
36 94
36 95
36 96
36 98
36 99
36 103
36 104
36 105
36 106
36 108
36 109
36 112
36 113
36 118
36 123
36 125
36 127
36 143
36 149
36 150
36 151
36 155
36 156
36 157
36 158
36 160
36 163
36 165
36 166
36 167
36 170
36 171
36 173
36 174
36 176
36 178
36 179
36 182
36 183
36 184
36 186
36 188
36 190
36 191
36 192
36 195
36 196
36 198
36 200
36 201
36 207
36 215
36 216
36 218
36 219
36 221
36 223
36 224
36 226
36 228
36 231
36 232
36 233
36 234
36 235
36 236
36 237
37 39
37 41
37 42
37 43
37 47
37 48
37 50
37 55
37 56
37 58
37 59
37 61
37 62
37 63
37 64
37 66
37 67
37 68
37 69
37 70
37 71
37 75
37 76
37 81
37 84
37 88
37 89
37 91
37 96
37 98
37 99
37 100
37 101
37 102
37 103
37 104
37 105
37 106
37 107
37 108
37 110
37 111
37 113
37 114
37 118
37 121
37 122
37 123
37 125
37 126
37 129
37 130
37 131
37 134
37 140
37 141
37 143
37 149
37 150
37 151
37 154
37 168
37 169
37 172
37 174
37 175
37 177
37 179
37 181
37 184
37 185
37 187
37 188
37 189
37 191
37 192
37 193
37 195
37 197
37 227
37 236
38 39
38 40
38 44
38 46
38 47
38 54
38 58
38 64
38 69
38 70
38 75
38 76
38 77
38 88
38 89
38 90
38 92
38 94
38 95
38 96
38 103
38 106
38 108
38 109
38 114
38 119
38 123
38 125
38 126
38 127
38 132
38 134
38 135
38 136
38 144
38 145
38 149
38 150
38 160
38 165
38 168
38 169
38 170
38 171
38 173
38 174
38 175
38 177
38 178
38 179
38 181
38 184
38 185
38 187
38 188
38 191
38 192
38 193
38 194
38 197
38 227
38 233
38 234
38 236
38 237
39 42
39 43
39 44
39 46
39 47
39 48
39 54
39 55
39 57
39 60
39 62
39 66
39 67
39 68
39 76
39 81
39 87
39 88
39 89
39 91
39 92
39 93
39 95
39 96
39 97
39 99
39 109
39 110
39 112
39 113
39 123
39 124
39 128
39 131
39 140
39 141
39 142
39 160
39 162
39 165
39 167
39 169
39 170
39 171
39 172
39 174
39 175
39 176
39 177
39 178
39 179
39 181
39 184
39 188
39 189
39 191
39 192
39 193
39 194
39 197
39 221
39 236
40 42
40 43
40 46
40 47
40 48
40 54
40 58
40 59
40 63
40 64
40 65
40 69
40 70
40 75
40 76
40 81
40 83
40 88
40 89
40 95
40 96
40 97
40 98
40 99
40 101
40 102
40 103
40 104
40 105
40 106
40 107
40 109
40 110
40 114
40 118
40 123
40 125
40 126
40 128
40 131
40 134
40 141
40 143
40 149
40 150
40 151
40 169
40 174
40 177
40 178
40 180
40 189
40 193
40 194
41 44
41 45
41 54
41 55
41 56
41 57
41 59
41 63
41 64
41 65
41 66
41 69
41 70
41 71
41 87
41 90
41 91
41 92
41 94
41 97
41 98
41 103
41 104
41 105
41 106
41 107
41 108
41 109
41 111
41 112
41 113
41 118
41 123
41 125
41 128
41 131
41 132
41 143
41 145
41 149
41 156
41 167
41 168
41 169
41 172
41 173
41 174
41 175
41 176
41 177
41 179
41 181
41 183
41 184
41 185
41 187
41 188
41 190
41 191
41 192
41 193
41 195
41 197
41 221
41 227
41 232
41 233
41 234
41 237
42 45
42 46
42 47
42 49
42 50
42 51
42 53
42 57
42 60
42 61
42 62
42 63
42 64
42 66
42 68
42 69
42 70
42 71
42 78
42 80
42 81
42 82
42 83
42 84
42 86
42 87
42 88
42 94
42 96
42 97
42 100
42 101
42 102
42 103
42 104
42 105
42 106
42 108
42 112
42 113
42 114
42 120
42 121
42 122
42 123
42 125
42 127
42 129
42 130
42 140
42 142
42 150
42 154
42 165
42 174
42 177
42 180
42 197
43 45
43 47
43 48
43 49
43 51
43 53
43 54
43 55
43 56
43 57
43 64
43 67
43 69
43 70
43 76
43 81
43 82
43 83
43 86
43 87
43 89
43 90
43 94
43 97
43 106
43 107
43 108
43 109
43 110
43 111
43 125
43 127
43 130
43 131
43 141
43 150
43 154
44 47
44 48
44 50
44 54
44 55
44 56
44 58
44 59
44 63
44 64
44 67
44 69
44 70
44 71
44 75
44 76
44 83
44 89
44 91
44 97
44 98
44 100
44 101
44 103
44 105
44 106
44 107
44 108
44 109
44 110
44 111
44 114
44 118
44 123
44 125
44 126
44 128
44 131
44 134
44 141
44 143
44 150
44 151
44 154
44 169
44 174
44 180
44 193
44 194
45 50
45 54
45 55
45 56
45 58
45 59
45 63
45 64
45 65
45 66
45 69
45 70
45 71
45 75
45 76
45 89
45 91
45 92
45 95
45 97
45 98
45 99
45 100
45 101
45 102
45 103
45 104
45 105
45 106
45 107
45 108
45 109
45 111
45 112
45 113
45 114
45 118
45 123
45 125
45 131
45 134
45 143
45 149
45 150
45 151
45 157
45 167
45 168
45 172
45 174
45 175
45 177
45 178
45 179
45 181
45 184
45 185
45 187
45 188
45 189
45 190
45 191
45 192
45 194
45 195
45 197
45 227
45 234
45 237
46 48
46 49
46 54
46 56
46 57
46 58
46 59
46 64
46 69
46 75
46 77
46 83
46 90
46 91
46 94
46 97
46 107
46 109
46 110
46 125
46 126
46 127
46 128
46 133
46 143
46 144
46 150
46 154
46 169
46 180
46 193
46 194
47 50
47 56
47 57
47 59
47 64
47 69
47 75
47 77
47 90
47 91
47 94
47 95
47 97
47 98
47 99
47 100
47 101
47 107
47 118
47 119
47 125
47 126
47 127
47 128
47 133
47 134
47 135
47 136
47 143
47 144
47 145
47 150
47 169
47 180
47 193
48 51
48 53
48 54
48 56
48 64
48 67
48 68
48 70
48 71
48 74
48 79
48 80
48 82
48 84
48 85
48 90
48 92
48 95
48 97
48 104
48 106
48 107
48 108
48 113
48 114
48 115
48 117
48 120
48 122
48 125
48 127
48 131
48 137
48 139
48 140
48 141
48 148
48 150
48 152
48 153
48 174
48 177
48 197
48 208
49 52
49 55
49 64
49 74
49 80
49 81
49 82
49 84
49 85
49 91
49 95
49 107
49 109
49 111
49 113
49 117
49 121
49 129
49 130
49 131
49 139
49 148
49 152
49 153
50 51
50 53
50 55
50 64
50 69
50 76
50 80
50 81
50 82
50 86
50 87
50 88
50 89
50 91
50 92
50 94
50 96
50 100
50 101
50 102
50 107
50 109
50 111
50 113
50 121
50 129
50 130
50 139
50 154
51 54
51 55
51 56
51 64
51 70
51 80
51 81
51 82
51 86
51 90
51 91
51 92
51 107
51 109
51 110
51 111
51 130
51 139
51 154
52 83
52 110
52 154
53 54
53 55
53 56
53 70
53 74
53 80
53 81
53 82
53 85
53 86
53 90
53 91
53 92
53 107
53 109
53 111
53 113
53 117
53 121
53 130
53 131
53 139
53 148
53 152
53 153
54 57
54 60
54 61
54 62
54 63
54 64
54 65
54 66
54 69
54 70
54 71
54 78
54 80
54 81
54 83
54 84
54 87
54 92
54 93
54 94
54 95
54 97
54 103
54 105
54 110
54 112
54 120
54 121
54 122
54 124
54 127
54 128
54 129
54 130
54 140
54 142
54 149
54 150
54 154
54 160
54 162
54 165
54 167
54 170
54 171
54 172
54 174
54 177
54 179
54 180
54 194
54 197
54 236
55 57
55 61
55 62
55 63
55 65
55 66
55 67
55 68
55 69
55 70
55 71
55 80
55 82
55 84
55 86
55 87
55 90
55 92
55 94
55 95
55 97
55 104
55 105
55 106
55 108
55 113
55 114
55 121
55 122
55 123
55 125
55 126
55 127
55 129
55 130
55 139
55 140
55 141
55 154
55 174
55 177
55 180
55 197
55 236
56 57
56 62
56 63
56 65
56 67
56 68
56 81
56 83
56 87
56 93
56 94
56 95
56 97
56 103
56 104
56 105
56 106
56 109
56 110
56 113
56 114
56 123
56 124
56 126
56 128
56 131
56 141
56 142
56 149
56 150
56 151
56 174
56 176
56 177
56 179
56 180
56 193
56 197
56 221
57 60
57 62
57 63
57 64
57 65
57 66
57 67
57 68
57 69
57 71
57 77
57 88
57 89
57 91
57 92
57 93
57 95
57 96
57 99
57 102
57 103
57 104
57 105
57 107
57 109
57 110
57 111
57 112
57 113
57 119
57 124
57 125
57 126
57 131
57 132
57 133
57 135
57 136
57 140
57 141
57 142
57 144
57 145
57 149
57 150
57 151
57 168
57 169
57 172
57 174
57 175
57 177
57 179
57 181
57 184
57 188
57 189
57 191
57 192
57 193
57 194
57 197
57 227
58 70
58 87
58 88
58 90
58 92
58 94
58 96
58 97
58 99
58 102
58 106
58 108
58 114
58 118
58 123
58 127
58 128
58 132
58 136
58 143
58 180
59 70
59 76
59 87
59 88
59 89
59 90
59 94
59 97
59 106
59 108
59 114
59 123
59 127
59 128
59 132
59 133
59 151
59 172
59 180
59 189
60 67
60 69
60 70
60 71
60 80
60 90
60 91
60 93
60 104
60 107
60 108
60 109
60 110
60 111
60 114
60 122
60 124
60 125
60 129
60 131
60 141
60 150
60 165
60 171
60 174
61 66
61 67
61 68
61 91
61 93
61 97
61 104
61 106
61 107
61 109
61 110
61 111
61 112
61 114
61 123
61 124
61 125
61 127
61 129
61 130
61 131
61 140
61 150
61 177
61 197
61 236
62 66
62 67
62 68
62 69
62 70
62 71
62 80
62 81
62 84
62 90
62 91
62 92
62 93
62 97
62 104
62 107
62 108
62 109
62 110
62 111
62 112
62 114
62 122
62 127
62 129
62 130
62 140
62 150
62 154
62 177
62 197
62 236
63 66
63 70
63 71
63 87
63 91
63 92
63 94
63 95
63 97
63 106
63 107
63 109
63 111
63 112
63 113
63 123
63 125
63 126
63 127
63 128
63 131
63 141
63 151
63 156
63 158
63 159
63 160
63 162
63 163
63 165
63 166
63 167
63 168
63 169
63 170
63 172
63 173
63 175
63 176
63 177
63 178
63 180
63 181
63 187
63 189
63 190
63 193
63 196
63 198
63 200
63 201
63 207
63 215
63 216
63 218
63 219
63 221
63 223
63 224
63 226
63 227
63 231
63 235
63 236
63 237
64 66
64 76
64 81
64 83
64 86
64 87
64 88
64 89
64 91
64 94
64 95
64 96
64 97
64 101
64 102
64 103
64 106
64 109
64 110
64 111
64 112
64 113
64 123
64 125
64 126
64 128
64 131
64 141
64 149
64 151
64 154
64 160
64 165
64 168
64 170
64 171
64 172
64 173
64 175
64 176
64 178
64 179
64 180
64 181
64 187
64 188
64 190
64 191
64 193
64 197
64 221
64 236
64 237
65 66
65 70
65 71
65 90
65 91
65 92
65 94
65 95
65 97
65 104
65 106
65 107
65 109
65 111
65 112
65 113
65 123
65 125
65 126
65 127
65 131
65 151
65 165
65 170
65 171
65 172
65 174
65 176
65 177
65 179
65 180
65 188
65 197
65 221
65 236
66 69
66 70
66 71
66 78
66 80
66 90
66 91
66 93
66 97
66 103
66 105
66 107
66 108
66 109
66 110
66 111
66 120
66 122
66 124
66 125
66 127
66 129
66 130
66 131
66 141
66 149
66 150
66 159
66 160
66 162
66 164
66 166
66 167
66 170
66 172
66 174
66 177
66 179
66 197
66 230
66 236
67 69
67 70
67 71
67 72
67 73
67 74
67 79
67 81
67 82
67 83
67 84
67 85
67 90
67 91
67 92
67 93
67 95
67 97
67 103
67 104
67 107
67 108
67 110
67 111
67 114
67 115
67 121
67 124
67 125
67 127
67 130
67 137
67 141
67 142
67 148
67 150
67 152
67 154
67 159
67 160
67 162
67 164
67 166
67 170
67 171
67 172
67 174
67 177
67 197
67 208
67 230
67 236
68 69
68 70
68 71
68 78
68 80
68 81
68 84
68 85
68 90
68 91
68 93
68 97
68 104
68 107
68 108
68 110
68 111
68 112
68 114
68 120
68 121
68 122
68 123
68 124
68 125
68 127
68 130
68 137
68 142
68 150
68 154
68 165
68 171
68 174
68 177
68 197
68 236
69 76
69 87
69 88
69 89
69 91
69 92
69 96
69 98
69 99
69 102
69 107
69 109
69 111
69 112
69 113
69 118
69 123
69 125
69 126
69 128
69 131
69 140
69 141
69 142
69 143
69 151
69 156
69 158
69 160
69 162
69 163
69 165
69 166
69 167
69 168
69 169
69 170
69 171
69 172
69 173
69 174
69 175
69 178
69 180
69 181
69 187
69 188
69 189
69 190
69 191
69 193
69 196
69 198
69 200
69 201
69 204
69 207
69 215
69 216
69 218
69 219
69 220
69 222
69 223
69 224
69 226
69 227
69 231
69 235
69 236
69 237
70 75
70 76
70 81
70 83
70 84
70 87
70 92
70 94
70 95
70 97
70 98
70 103
70 104
70 105
70 110
70 112
70 113
70 118
70 121
70 122
70 123
70 125
70 126
70 127
70 128
70 129
70 130
70 131
70 134
70 140
70 141
70 142
70 143
70 149
70 151
70 154
70 174
70 176
70 177
70 179
70 180
70 197
70 221
71 80
71 81
71 84
71 87
71 91
71 92
71 93
71 95
71 96
71 97
71 103
71 104
71 105
71 106
71 109
71 110
71 112
71 113
71 122
71 123
71 124
71 126
71 127
71 128
71 129
71 130
71 140
71 141
71 142
71 149
71 151
71 154
71 174
71 176
71 177
71 179
71 180
71 193
71 197
71 221
72 78
72 80
72 82
72 85
72 116
72 117
72 121
72 122
72 129
72 137
72 146
72 147
72 152
72 153
72 154
72 209
72 210
73 78
73 80
73 82
73 85
73 116
73 120
73 121
73 129
73 130
73 138
73 139
73 146
73 147
73 154
73 209
73 210
74 78
74 81
74 83
74 84
74 86
74 106
74 109
74 110
74 116
74 117
74 122
74 129
74 130
74 131
74 138
74 139
74 140
74 146
74 148
74 152
74 153
74 209
74 210
75 87
75 89
75 90
75 94
75 97
75 98
75 99
75 102
75 106
75 108
75 114
75 119
75 123
75 127
75 128
75 180
76 87
76 88
76 90
76 92
76 94
76 95
76 96
76 97
76 98
76 99
76 100
76 101
76 106
76 108
76 114
76 118
76 119
76 123
76 125
76 127
76 128
76 132
76 134
76 135
76 136
76 143
76 145
76 180
77 87
77 88
77 96
77 97
77 99
77 102
77 118
77 128
77 134
77 135
77 143
78 83
78 85
78 106
78 109
78 110
78 112
78 113
78 115
78 121
78 122
78 123
78 129
78 131
78 137
78 140
78 146
78 148
78 152
78 154
78 165
78 208
79 82
79 83
79 84
79 86
79 109
79 110
79 116
79 117
79 122
79 129
79 130
79 131
79 137
79 147
79 152
79 153
79 154
79 209
79 210
80 81
80 82
80 84
80 86
80 90
80 91
80 104
80 106
80 107
80 108
80 109
80 111
80 112
80 113
80 115
80 116
80 117
80 123
80 127
80 130
80 137
80 139
80 140
80 141
80 142
80 146
80 147
80 150
80 153
80 165
80 209
80 210
81 85
81 90
81 92
81 97
81 104
81 106
81 107
81 108
81 113
81 114
81 115
81 117
81 121
81 122
81 125
81 127
81 129
81 139
81 140
81 141
81 148
81 150
81 152
81 153
81 174
81 177
81 197
82 84
82 91
82 109
82 111
82 113
82 116
82 120
82 122
82 129
82 131
82 137
82 139
82 148
82 208
82 210
83 84
83 85
83 88
83 90
83 92
83 95
83 96
83 100
83 101
83 102
83 106
83 107
83 109
83 111
83 113
83 115
83 116
83 117
83 120
83 121
83 122
83 127
83 129
83 131
83 137
83 138
83 141
83 148
83 150
83 152
83 153
83 208
83 210
84 91
84 97
84 104
84 106
84 107
84 110
84 111
84 113
84 114
84 115
84 117
84 120
84 125
84 127
84 137
84 140
84 141
84 148
84 150
84 152
84 153
84 154
84 174
84 177
84 197
84 208
85 109
85 110
85 113
85 116
85 122
85 131
85 138
85 139
85 140
85 146
85 148
85 209
85 210
86 91
86 107
86 109
86 111
86 113
86 115
86 117
86 120
86 121
86 122
86 129
86 131
86 137
86 139
86 148
86 152
86 153
86 208
87 90
87 91
87 92
87 95
87 97
87 98
87 99
87 100
87 101
87 102
87 106
87 107
87 108
87 109
87 111
87 114
87 118
87 123
87 125
87 126
87 131
87 134
87 143
87 150
87 151
87 168
87 169
87 172
87 175
87 177
87 180
87 181
87 185
87 187
87 189
87 193
87 194
87 197
87 227
88 90
88 91
88 92
88 94
88 97
88 100
88 110
88 126
88 127
88 128
88 143
88 154
88 169
88 180
88 193
89 90
89 92
89 94
89 95
89 97
89 98
89 99
89 100
89 101
89 118
89 119
89 125
89 127
89 128
89 132
89 133
89 134
89 135
89 136
89 143
89 144
89 145
89 180
90 93
90 95
90 96
90 98
90 99
90 102
90 104
90 106
90 109
90 110
90 112
90 113
90 118
90 122
90 123
90 124
90 126
90 128
90 129
90 131
90 134
90 140
90 141
90 142
90 143
90 149
90 151
90 160
90 165
90 169
90 170
90 171
90 172
90 173
90 175
90 176
90 177
90 179
90 181
90 184
90 188
90 189
90 191
90 192
90 193
90 194
90 197
90 221
90 227
90 236
91 94
91 95
91 96
91 97
91 100
91 101
91 102
91 103
91 104
91 105
91 108
91 112
91 113
91 114
91 121
91 122
91 123
91 125
91 126
91 128
91 129
91 130
91 139
91 140
91 142
91 151
91 154
91 174
91 177
91 180
91 197
91 236
92 93
92 96
92 97
92 100
92 101
92 102
92 103
92 104
92 105
92 106
92 108
92 109
92 110
92 111
92 113
92 114
92 123
92 124
92 126
92 128
92 131
92 141
92 142
92 151
92 154
92 174
92 177
92 180
92 193
92 194
93 104
93 106
93 107
93 108
93 109
93 110
93 111
93 112
93 114
93 124
93 129
93 131
93 140
93 141
93 142
94 97
94 98
94 101
94 102
94 103
94 104
94 105
94 106
94 107
94 108
94 109
94 110
94 111
94 114
94 118
94 123
94 125
94 126
94 131
94 134
94 143
94 149
94 150
94 151
94 169
94 174
94 176
94 177
94 179
94 180
94 189
94 193
94 194
94 197
94 221
95 97
95 100
95 101
95 103
95 104
95 105
95 106
95 107
95 108
95 109
95 110
95 111
95 114
95 125
95 127
95 128
95 131
95 141
95 149
95 150
95 154
95 176
95 177
95 179
95 180
95 194
95 197
95 221
96 100
96 110
96 125
96 126
96 127
96 128
96 154
96 169
96 180
96 193
97 103
97 104
97 105
97 106
97 107
97 108
97 110
97 111
97 113
97 114
97 119
97 121
97 122
97 123
97 125
97 127
97 129
97 130
97 131
97 132
97 133
97 134
97 136
97 140
97 141
97 144
97 145
97 149
97 150
97 154
97 155
97 156
97 157
97 160
97 165
97 167
97 168
97 169
97 170
97 171
97 173
97 174
97 176
97 177
97 178
97 179
97 181
97 184
97 185
97 187
97 188
97 190
97 191
97 192
97 194
97 195
97 197
97 207
97 219
97 221
97 224
97 226
97 228
97 233
97 234
97 236
97 237
98 106
98 108
98 109
98 114
98 123
98 126
98 127
98 128
98 133
98 134
98 135
98 144
98 151
98 172
98 175
98 180
98 189
98 193
98 227
99 109
99 114
99 119
99 126
99 127
99 128
99 133
99 134
99 135
99 136
99 143
99 144
99 150
99 168
99 169
99 172
99 175
99 178
99 180
99 189
99 193
99 194
99 227
100 110
100 154
101 110
101 127
101 154
102 110
102 127
102 133
102 144
102 154
103 106
103 107
103 109
103 111
103 112
103 113
103 123
103 125
103 126
103 127
103 131
103 141
103 150
103 151
103 159
103 160
103 162
103 164
103 166
103 167
103 173
103 175
103 176
103 177
103 180
103 181
103 187
103 189
103 197
103 200
103 221
103 230
103 235
103 237
104 107
104 110
104 111
104 121
104 122
104 124
104 125
104 126
104 127
104 129
104 130
104 140
104 142
104 149
104 151
104 154
104 160
104 162
104 165
104 167
104 170
104 171
104 172
104 174
104 176
104 177
104 179
104 180
104 188
104 197
104 221
104 236
105 106
105 107
105 109
105 111
105 112
105 113
105 123
105 125
105 126
105 127
105 131
105 141
105 149
105 151
105 160
105 165
105 170
105 171
105 172
105 173
105 175
105 176
105 177
105 179
105 180
105 188
105 197
105 221
105 236
106 110
106 118
106 120
106 121
106 122
106 124
106 126
106 127
106 128
106 129
106 130
106 134
106 143
106 149
106 151
106 154
106 165
106 171
106 174
106 176
106 177
106 179
106 180
106 197
106 221
106 236
107 110
107 112
107 114
107 121
107 122
107 123
107 124
107 126
107 128
107 129
107 130
107 140
107 141
107 142
107 149
107 151
107 154
107 174
107 177
107 180
107 193
107 197
107 236
108 109
108 110
108 112
108 113
108 118
108 122
108 123
108 124
108 126
108 127
108 128
108 129
108 131
108 134
108 140
108 141
108 142
108 143
108 149
108 151
108 160
108 165
108 168
108 170
108 171
108 172
108 173
108 175
108 176
108 178
108 179
108 180
108 181
108 187
108 188
108 190
108 191
108 193
108 197
108 221
108 236
108 237
109 112
109 114
109 115
109 117
109 118
109 120
109 123
109 125
109 126
109 128
109 137
109 139
109 142
109 143
109 148
109 149
109 151
109 152
109 153
109 156
109 158
109 160
109 163
109 165
109 166
109 167
109 168
109 169
109 170
109 171
109 172
109 173
109 175
109 176
109 178
109 179
109 180
109 181
109 187
109 188
109 189
109 190
109 191
109 193
109 194
109 196
109 198
109 200
109 201
109 207
109 208
109 215
109 216
109 218
109 219
109 221
109 223
109 224
109 226
109 227
109 231
109 235
109 236
109 237
110 112
110 114
110 115
110 117
110 120
110 121
110 122
110 123
110 125
110 127
110 129
110 131
110 139
110 140
110 141
110 142
110 148
110 150
110 152
110 153
110 174
110 177
110 197
110 208
111 112
111 113
111 114
111 121
111 122
111 123
111 124
111 126
111 127
111 128
111 129
111 130
111 140
111 142
111 149
111 150
111 151
111 154
111 174
111 177
111 180
111 193
111 197
111 236
112 120
112 122
112 124
112 125
112 129
112 131
112 141
112 142
112 149
112 150
112 160
112 162
112 165
112 167
112 170
112 171
112 172
112 174
112 179
112 236
113 120
113 121
113 122
113 124
113 127
113 130
113 137
113 149
113 150
113 154
113 165
113 171
113 174
113 177
113 197
113 236
114 118
114 124
114 126
114 127
114 128
114 129
114 130
114 131
114 134
114 140
114 141
114 142
114 143
114 151
114 154
114 160
114 162
114 165
114 167
114 168
114 169
114 170
114 171
114 172
114 174
114 175
114 176
114 177
114 178
114 179
114 180
114 181
114 185
114 187
114 188
114 189
114 193
114 194
114 197
114 221
114 227
114 236
115 122
115 129
115 130
115 131
115 138
115 139
115 146
115 147
115 153
115 154
115 209
116 120
116 121
116 129
116 146
116 152
116 154
117 120
117 122
117 129
117 130
117 131
117 138
117 146
117 147
117 208
117 209
118 123
118 126
118 127
118 128
118 132
118 133
118 134
118 135
118 136
118 144
118 151
118 168
118 169
118 172
118 175
118 180
118 189
118 193
118 227
119 128
119 133
119 134
119 135
120 123
120 130
120 131
120 138
120 139
120 140
120 146
120 148
120 152
120 153
120 154
120 165
120 209
120 210
121 127
121 131
121 138
121 139
121 140
121 141
121 146
121 147
121 150
121 153
121 174
121 177
121 197
121 209
121 210
122 123
122 127
122 130
122 137
122 140
122 141
122 142
122 148
122 150
122 152
122 154
122 165
122 174
122 177
122 197
122 208
123 127
123 128
123 129
123 131
123 134
123 140
123 141
123 143
123 149
123 150
123 165
123 171
123 174
123 177
123 180
124 131
124 140
124 141
124 142
125 126
125 127
125 128
125 129
125 130
125 131
125 140
125 141
125 149
125 150
125 151
125 154
125 174
125 177
125 180
125 193
126 131
126 143
126 149
126 168
126 169
126 172
126 173
126 174
126 175
126 176
126 177
126 178
126 179
126 183
126 184
126 185
126 186
126 187
126 188
126 190
126 191
126 192
126 195
126 197
126 227
126 233
126 234
126 237
127 129
127 130
127 134
127 140
127 141
127 143
127 149
127 154
127 169
127 172
127 174
127 175
127 176
127 177
127 178
127 179
127 181
127 184
127 188
127 189
127 191
127 192
127 193
127 194
127 197
127 221
127 236
128 131
128 132
128 134
128 143
128 145
128 149
128 150
128 151
128 168
128 169
128 172
128 174
128 175
128 177
128 179
128 181
128 184
128 185
128 187
128 188
128 191
128 192
128 193
128 195
128 197
128 227
128 233
128 234
129 138
129 139
129 141
129 142
129 148
129 150
129 152
129 153
129 154
129 165
129 174
129 177
129 197
129 208
129 210
129 236
130 137
130 139
130 140
130 141
130 148
130 150
130 153
130 174
130 177
130 197
130 208
130 236
131 137
131 139
131 142
131 148
131 151
131 152
131 153
131 165
131 174
131 177
131 180
131 197
131 208
131 236
132 134
132 135
132 136
132 143
132 151
133 134
133 136
133 143
133 145
134 145
134 180
135 143
137 140
137 146
137 147
137 154
137 209
138 146
138 148
138 152
138 153
138 154
138 208
139 147
139 148
139 208
139 209
140 150
140 154
140 165
140 171
140 174
140 177
140 197
140 236
141 150
141 154
141 174
141 177
141 197
141 236
142 150
142 165
142 171
143 151
143 168
143 169
143 172
143 175
143 180
143 189
143 193
143 227
145 151
146 152
146 154
146 210
147 152
147 153
147 154
147 208
148 153
149 150
149 151
149 159
149 160
149 162
149 165
149 167
149 170
149 173
149 175
149 176
149 177
149 181
149 184
149 187
149 189
149 191
149 192
149 193
149 194
149 197
149 221
149 236
149 237
150 151
150 154
150 171
150 172
150 174
150 175
150 176
150 177
150 178
150 179
150 181
150 184
150 188
150 189
150 191
150 192
150 193
150 194
150 197
150 221
150 236
151 157
151 167
151 168
151 172
151 174
151 175
151 177
151 178
151 179
151 181
151 184
151 185
151 187
151 188
151 190
151 191
151 192
151 194
151 195
151 197
151 227
151 233
151 234
151 237
152 209
152 210
153 208
153 209
154 174
154 177
154 197
154 208
154 209
154 210
155 163
155 168
155 169
155 173
155 176
155 178
155 187
155 190
155 197
155 201
155 202
155 203
155 207
155 211
155 212
155 216
155 217
155 219
155 220
155 221
155 223
155 224
155 225
155 226
155 237
156 158
156 160
156 161
156 163
156 166
156 169
156 170
156 172
156 174
156 175
156 177
156 179
156 180
156 181
156 183
156 185
156 187
156 188
156 190
156 191
156 192
156 193
156 196
156 198
156 199
156 200
156 201
156 204
156 205
156 206
156 213
156 215
156 216
156 217
156 218
156 220
156 222
156 223
156 224
156 225
156 231
156 232
156 234
156 235
156 236
157 163
157 168
157 173
157 176
157 178
157 181
157 185
157 187
157 190
157 193
157 195
157 197
157 201
157 204
157 207
157 213
157 216
157 219
157 221
157 222
157 224
157 225
157 226
157 234
157 237
158 161
158 165
158 167
158 168
158 169
158 170
158 171
158 172
158 174
158 175
158 176
158 177
158 178
158 179
158 180
158 181
158 187
158 188
158 190
158 191
158 196
158 198
158 199
158 201
158 205
158 206
158 215
158 216
158 218
158 219
158 221
158 223
158 224
158 226
158 227
158 236
158 237
159 161
159 163
159 172
159 173
159 174
159 176
159 177
159 179
159 197
159 200
159 206
159 207
159 229
159 235
159 237
160 161
160 163
160 164
160 167
160 168
160 169
160 175
160 176
160 177
160 178
160 179
160 180
160 181
160 185
160 187
160 188
160 190
160 191
160 197
160 200
160 206
160 207
160 215
160 216
160 218
160 221
160 226
160 227
160 229
160 230
161 164
161 165
161 166
161 167
161 168
161 170
161 171
161 173
161 176
161 197
161 198
161 201
161 211
161 212
161 214
161 215
161 216
161 218
161 219
161 221
161 223
161 226
161 227
161 230
161 231
161 235
161 236
161 237
162 167
162 168
162 170
162 172
162 173
162 174
162 176
162 177
162 179
162 196
162 197
162 199
162 201
162 205
162 207
162 215
162 216
162 218
162 219
162 221
162 226
162 237
163 164
163 165
163 169
163 170
163 171
163 172
163 174
163 175
163 177
163 178
163 179
163 180
163 181
163 185
163 187
163 188
163 190
163 191
163 193
163 198
163 199
163 204
163 205
163 206
163 212
163 213
163 214
163 217
163 218
163 220
163 222
163 223
163 224
163 225
163 227
163 228
163 229
163 230
163 234
163 236
164 171
164 172
164 173
164 174
164 177
164 179
164 197
164 200
164 206
164 207
164 235
164 236
164 237
165 167
165 173
165 175
165 176
165 177
165 179
165 180
165 188
165 197
165 200
165 206
165 229
165 231
165 235
165 237
166 167
166 168
166 169
166 171
166 172
166 173
166 174
166 176
166 177
166 178
166 179
166 180
166 181
166 185
166 187
166 190
166 196
166 198
166 200
166 201
166 206
166 207
166 215
166 216
166 218
166 219
166 221
166 223
166 224
166 226
166 227
166 229
166 230
167 170
167 171
167 172
167 174
167 175
167 177
167 179
167 180
167 181
167 182
167 183
167 184
167 185
167 186
167 188
167 189
167 191
167 192
167 193
167 195
167 196
167 198
167 199
167 200
167 204
167 205
167 207
167 212
167 213
167 214
167 215
167 217
167 218
167 220
167 222
167 223
167 225
167 228
167 231
167 232
167 233
167 234
167 235
167 236
168 170
168 172
168 174
168 175
168 179
168 180
168 182
168 183
168 184
168 186
168 188
168 189
168 192
168 194
168 195
168 196
168 198
168 200
168 201
168 204
168 206
168 207
168 215
168 216
168 218
168 219
168 220
168 222
168 223
168 224
168 226
168 228
168 231
168 232
168 233
168 236
169 170
169 172
169 173
169 175
169 176
169 177
169 179
169 180
169 182
169 183
169 184
169 186
169 187
169 188
169 189
169 191
169 192
169 194
169 196
169 198
169 200
169 201
169 207
169 215
169 216
169 218
169 219
169 221
169 223
169 224
169 226
169 228
169 231
169 232
169 233
169 235
169 236
170 174
170 175
170 176
170 178
170 180
170 181
170 185
170 187
170 188
170 190
170 191
170 196
170 197
170 199
170 201
170 206
170 207
170 215
170 216
170 218
170 221
170 226
170 227
170 229
170 230
170 231
171 173
171 175
171 176
171 177
171 180
171 181
171 188
171 197
171 200
171 206
171 229
171 230
171 231
171 235
171 237
172 175
172 176
172 178
172 181
172 184
172 185
172 187
172 189
172 190
172 191
172 192
172 193
172 194
172 197
172 200
172 207
172 216
172 221
172 226
172 227
172 230
172 231
172 235
173 180
173 182
173 183
173 184
173 185
173 186
173 189
173 190
173 192
173 193
173 194
173 196
173 198
173 199
173 200
173 201
173 204
173 205
173 206
173 213
173 214
173 215
173 218
173 219
173 220
173 222
173 223
173 224
173 225
173 228
173 229
173 230
173 231
173 232
173 233
173 234
174 176
174 178
174 181
174 184
174 187
174 189
174 190
174 191
174 192
174 193
174 194
174 197
174 207
174 216
174 221
174 226
174 227
174 230
174 231
174 235
174 237
175 176
175 178
175 182
175 183
175 185
175 186
175 190
175 191
175 192
175 195
175 197
175 207
175 216
175 221
175 226
175 227
175 233
175 234
175 235
175 236
175 237
176 179
176 180
176 182
176 183
176 184
176 185
176 186
176 188
176 189
176 191
176 192
176 193
176 194
176 198
176 199
176 201
176 204
176 205
176 206
176 213
176 214
176 215
176 217
176 218
176 220
176 222
176 223
176 224
176 225
176 228
176 231
176 232
176 233
176 234
177 182
177 183
177 184
177 185
177 186
177 189
177 192
177 193
177 194
177 196
177 197
177 200
177 207
177 216
177 219
177 221
177 226
177 227
177 232
177 233
177 234
177 235
178 179
178 180
178 182
178 184
178 186
178 188
178 189
178 194
178 195
178 196
178 198
178 200
178 201
178 204
178 207
178 215
178 216
178 218
178 219
178 220
178 222
178 223
178 224
178 226
178 228
178 231
178 233
178 235
178 236
179 183
179 184
179 185
179 186
179 187
179 189
179 190
179 191
179 192
179 193
179 194
179 197
179 200
179 207
179 216
179 221
179 226
179 227
179 233
179 234
179 235
180 182
180 183
180 185
180 186
180 187
180 190
180 195
180 196
180 198
180 200
180 201
180 207
180 215
180 216
180 218
180 219
180 221
180 223
180 224
180 226
180 227
180 231
180 232
180 233
180 234
180 235
180 236
180 237
181 182
181 195
181 196
181 197
181 200
181 207
181 216
181 219
181 221
181 226
181 227
181 232
181 235
181 236
182 188
182 189
182 193
182 194
182 197
182 216
182 221
182 226
182 227
182 232
182 234
182 237
183 185
183 188
183 189
183 190
183 192
183 193
183 194
183 197
183 221
183 227
183 232
183 233
183 234
183 237
184 185
184 188
184 190
184 195
184 197
184 221
184 232
184 237
185 188
185 189
185 191
185 194
185 195
185 197
185 207
185 216
185 221
185 226
185 227
185 235
185 236
186 188
186 189
186 190
186 193
186 194
186 197
186 221
186 232
186 234
186 237
187 193
187 194
187 196
187 198
187 200
187 201
187 204
187 207
187 215
187 216
187 218
187 219
187 220
187 222
187 223
187 224
187 226
187 227
187 231
187 232
187 234
187 235
187 236
187 237
188 190
188 191
188 192
188 193
188 194
188 197
188 207
188 216
188 221
188 226
188 227
188 233
188 234
188 235
188 236
188 237
189 190
189 195
189 197
189 221
189 227
189 232
189 237
190 194
190 195
190 196
190 198
190 200
190 201
190 204
190 207
190 213
190 214
190 215
190 218
190 219
190 220
190 222
190 223
190 224
190 225
190 228
190 231
190 233
190 235
190 236
191 193
191 194
191 197
191 207
191 216
191 221
191 226
191 227
191 232
191 234
191 235
191 236
191 237
192 194
192 195
192 197
192 216
192 221
192 226
192 227
192 237
193 197
193 216
193 221
193 226
193 227
193 232
193 233
193 235
193 237
194 197
194 227
194 233
194 234
194 237
195 197
195 227
195 234
195 237
196 202
196 203
196 204
196 211
196 212
196 217
196 219
196 220
196 221
196 224
196 225
196 226
196 227
196 229
196 231
196 235
196 236
196 237
197 199
197 202
197 203
197 204
197 205
197 206
197 212
197 213
197 214
197 217
197 220
197 222
197 225
197 228
197 229
197 230
197 232
197 233
197 234
197 236
198 199
198 200
198 204
198 205
198 206
198 207
198 211
198 213
198 215
198 222
198 224
198 225
198 226
198 227
198 228
198 231
198 235
198 237
199 202
199 203
199 204
199 211
199 212
199 216
199 217
199 219
199 220
199 221
199 224
199 225
199 226
199 227
199 229
199 235
199 237
200 205
200 212
200 214
200 218
200 219
200 221
200 223
200 224
200 226
200 227
200 229
200 230
200 231
200 236
200 237
201 202
201 203
201 204
201 206
201 211
201 213
201 217
201 219
201 220
201 222
201 224
201 225
201 226
201 227
201 231
201 235
201 237
202 205
202 215
202 216
202 218
202 219
202 221
202 224
202 226
202 228
203 205
203 206
203 211
203 213
203 215
203 216
203 219
203 221
203 222
203 224
203 226
203 228
203 235
204 205
204 207
204 211
204 212
204 214
204 215
204 216
204 218
204 227
204 235
204 237
205 213
205 216
205 217
205 219
205 220
205 221
205 224
205 225
205 226
205 227
205 229
205 235
205 237
206 211
206 212
206 214
206 215
206 216
206 217
206 219
206 220
206 221
206 223
206 226
206 227
206 230
206 231
206 236
206 237
207 211
207 212
207 213
207 214
207 218
207 219
207 220
207 222
207 223
207 224
207 225
207 228
207 229
207 230
207 231
207 236
211 215
211 216
211 217
211 218
211 219
211 221
211 222
211 223
211 224
211 225
211 226
211 228
212 215
212 216
212 218
212 219
212 221
212 222
212 224
212 226
212 228
213 214
213 218
213 219
213 220
213 221
213 223
213 224
213 227
214 219
214 221
214 222
214 224
214 225
214 235
215 217
215 219
215 220
215 221
215 224
215 225
215 226
215 227
215 231
215 236
215 237
216 217
216 219
216 220
216 222
216 223
216 224
216 226
216 227
216 231
216 232
216 234
216 235
216 236
216 237
217 221
217 226
217 227
217 228
217 235
218 222
218 224
218 225
218 226
218 227
218 228
218 229
218 231
218 236
218 237
219 223
219 225
219 231
219 235
219 236
219 237
220 226
220 227
220 228
220 235
220 237
221 223
221 225
221 228
221 231
221 232
221 233
221 234
221 236
222 223
222 227
222 235
222 237
223 226
223 227
223 228
223 231
223 235
223 237
224 228
224 231
224 235
224 237
225 227
226 231
226 232
226 234
226 235
226 236
226 237
227 231
227 232
227 234
227 235
227 236
228 237
229 235
229 236
230 235
230 236
231 236
231 237
232 237
233 237
234 235
234 237
original_pcis
293
291
292
387
388
389
15
340
146
78
79
80
480
298
299
246
1
251
211
210
212
96
433
281
72
73
74
409
410
408
423
424
425
63
64
65
399
400
401
240
241
242
91
186
188
459
460
461
159
160
161
339
340
341
171
355
356
18
19
20
429
52
53
214
215
213
150
193
194
456
463
458
444
445
446
231
232
233
234
235
236
243
244
245
312
316
317
21
22
23
3
268
26
100
27
277
29
156
157
158
283
284
282
33
28
32
265
266
468
102
104
103
337
338
315
468
469
470
492
493
84
85
86
51
49
77
501
343
344
462
10
11
287
285
321
322
323
207
421
422
220
221
282
195
331
332
474
157
158
441
79
443
153
154
155
347
345
346
82
81
83
226
225
227
403
402
404
162
163
164
397
396
398
324
325
326
39
40
41
465
466
467
327
328
329
261
262
0
334
2
170
169
168
252
253
254
174
175
176
91
90
92
411
412
413
165
166
167
309
310
311
3
4
5
267
268
269
234
235
236
201
203
202
243
244
245
171
172
173
379
378
380
258
259
260
475
474
476
cp_solver_time 0.409903809
feasible_solution
58
43
48
31
46
49
50
13
27
48
56
44
39
42
60
2
39
51
18
34
47
58
61
60
15
47
51
48
36
54
60
49
26
46
41
40
37
22
27
35
48
24
38
44
15
26
54
57
37
56
34
55
60
58
57
30
47
28
44
32
46
55
60
56
50
38
49
34
56
17
12
33
47
61
42
37
41
55
53
41
52
17
28
35
32
46
53
61
45
31
53
59
49
59
36
43
56
52
45
38
53
55
58
41
58
61
19
45
29
23
61
21
42
14
20
59
58
34
59
54
51
55
31
43
61
10
43
16
40
40
47
5
56
51
50
61
60
45
52
48
41
11
44
35
53
42
54
51
43
60
6
57
57
54
24
51
61
56
52
57
54
58
55
30
61
45
51
38
21
44
40
48
33
49
44
51
46
9
47
59
55
32
59
57
61
60
53
28
31
58
36
42
54
41
56
59
41
25
57
36
60
39
49
53
60
56
37
43
50
53
38
61
52
47
51
50
29
55
42
54
44
48
41
45
59
58
27
34
50
59
56
53
56
50
45
26
18
35
num_inter_technology_neighbors 0
inter_technology_neighbors
