instance_name pci_067_n0327_squz
instance_group squz
min_allowed_pci 7
max_allowed_pci 50
module_k 4
num_nodes 327
num_top_neighbors 301
0 297
1 302
2 302
3 62
3 269
4 5
4 114
5 315
6 8
6 122
7 57
7 59
8 198
9 108
9 168
10 138
10 323
11 262
11 317
12 147
12 217
13 232
13 257
14 152
14 189
15 273
15 274
16 74
16 264
17 188
17 247
18 80
18 149
19 89
20 89
20 199
21 125
21 246
22 125
22 252
23 218
24 140
24 185
25 219
25 283
26 28
26 141
27 59
27 210
28 79
29 30
29 31
30 262
31 222
32 93
32 136
34 146
34 147
35 82
35 208
36 166
36 211
37 40
37 91
38 40
38 65
39 200
39 201
41 69
41 231
42 49
42 72
43 203
43 291
44 92
44 248
45 46
45 101
46 68
47 153
47 306
48 73
48 293
49 232
51 84
51 324
52 143
52 258
53 144
53 324
54 109
54 180
55 104
55 171
56 281
57 77
58 239
58 314
60 198
60 206
61 97
61 220
62 250
63 81
63 239
64 251
64 269
65 195
66 278
66 292
67 88
67 292
68 279
69 248
70 189
70 279
71 100
71 233
72 153
73 154
74 215
75 103
75 277
76 256
76 286
77 166
78 271
78 280
79 182
80 204
81 150
82 151
83 157
83 260
84 85
85 263
86 88
86 278
90 128
90 208
91 185
92 188
93 295
94 159
94 257
95 96
95 212
96 237
97 213
98 215
98 277
99 256
99 307
100 307
101 222
102 103
102 291
104 106
105 142
105 271
106 184
107 191
107 311
108 156
109 113
110 145
110 263
111 155
111 162
112 170
112 176
113 132
114 123
115 219
115 236
116 246
116 288
117 165
117 314
118 270
118 313
119 173
119 234
120 193
120 312
121 311
121 319
122 320
123 250
124 251
124 268
126 196
126 253
127 135
127 320
128 214
129 130
129 131
130 131
132 174
133 179
133 317
134 242
134 319
136 231
137 154
137 204
138 318
139 169
139 179
140 209
141 209
142 173
143 259
144 323
146 322
148 159
148 321
149 212
150 164
151 214
152 160
155 163
156 162
157 318
160 322
161 265
161 301
163 167
164 197
165 213
167 261
168 169
170 258
171 172
172 284
174 326
175 178
175 181
176 325
177 178
180 259
181 260
182 184
186 187
190 203
190 249
191 193
192 254
192 270
194 195
194 315
196 288
197 199
200 201
205 293
206 310
210 211
216 289
216 290
217 294
218 220
223 224
225 310
225 312
226 227
228 229
228 230
229 230
233 296
234 235
236 272
237 283
238 284
238 285
241 242
241 309
243 253
243 309
244 245
244 252
245 254
247 275
249 275
255 276
255 290
261 266
264 266
267 268
267 285
273 274
276 305
280 282
281 282
289 295
294 296
297 300
299 300
299 301
303 304
305 306
num_regular_neighbors 2448
3 4
3 5
3 61
3 64
3 96
3 97
3 123
3 213
3 220
3 238
3 239
3 244
3 250
3 251
3 267
3 284
3 285
3 315
3 316
4 64
4 220
4 238
4 251
4 267
4 269
4 284
4 285
4 316
5 58
5 62
5 63
5 117
5 123
5 213
5 238
5 239
5 250
5 251
5 252
5 269
5 285
5 287
5 288
5 316
6 7
6 59
6 77
6 107
6 121
6 193
6 206
6 207
6 226
6 227
6 310
6 311
6 312
6 314
6 319
7 8
7 26
7 27
7 55
7 56
7 77
7 78
7 104
7 105
7 119
7 121
7 173
7 192
7 207
7 209
7 211
7 236
7 271
7 272
7 280
7 282
7 310
7 311
7 312
8 26
8 28
8 35
8 36
8 37
8 38
8 57
8 59
8 60
8 77
8 79
8 90
8 150
8 165
8 166
8 182
8 185
8 207
8 208
8 211
8 310
8 311
8 314
9 10
9 11
9 53
9 109
9 112
9 113
9 132
9 133
9 138
9 139
9 156
9 157
9 167
9 174
9 175
9 179
9 181
9 258
9 317
9 318
9 325
9 326
10 11
10 51
10 52
10 53
10 54
10 109
10 112
10 167
10 168
10 169
10 170
10 174
10 175
10 177
10 180
10 181
10 258
10 259
10 260
10 318
10 324
10 325
11 52
11 54
11 83
11 85
11 108
11 109
11 110
11 112
11 132
11 143
11 157
11 167
11 168
11 169
11 170
11 174
11 175
11 181
11 258
11 259
11 260
11 318
11 323
11 324
11 325
11 326
12 13
12 14
12 32
12 33
12 34
12 41
12 44
12 45
12 68
12 74
12 136
12 137
12 146
12 148
12 159
12 215
12 231
12 233
12 294
12 296
12 321
12 322
13 14
13 33
13 47
13 49
13 76
13 100
13 152
13 153
13 231
13 233
13 256
13 296
14 32
14 33
14 34
14 42
14 43
14 48
14 49
14 70
14 71
14 72
14 73
14 100
14 137
14 147
14 148
14 154
14 204
14 231
14 233
14 278
14 279
14 296
14 321
15 16
15 17
15 29
15 44
15 92
15 136
15 188
15 247
15 249
15 275
16 17
16 29
16 31
16 44
16 45
16 98
16 163
16 215
16 222
16 223
16 247
16 248
16 255
16 261
16 274
16 275
16 295
17 31
17 41
17 44
17 45
17 46
17 68
17 69
17 74
17 75
17 92
17 103
17 189
17 190
17 215
17 248
17 249
17 255
17 275
18 19
18 20
18 151
18 164
19 20
19 149
19 150
19 151
19 164
20 151
20 164
20 197
21 22
21 116
21 117
21 126
21 191
21 195
21 196
21 240
21 241
21 242
21 243
21 250
21 253
21 288
21 308
21 309
21 313
21 314
21 315
22 114
22 116
22 124
22 191
22 195
22 241
22 244
22 245
22 246
22 253
22 268
22 269
22 309
22 313
22 314
23 24
23 25
23 131
23 220
23 237
23 283
24 25
24 65
24 130
24 131
24 209
24 218
24 219
24 266
24 284
25 218
25 220
25 284
26 27
26 38
26 57
26 77
26 78
26 79
26 104
26 105
26 106
26 142
26 172
26 208
26 209
26 211
26 271
26 281
26 282
27 28
27 38
27 105
27 140
27 141
27 142
27 150
27 172
27 182
27 183
27 184
27 209
27 271
27 281
28 36
28 37
28 38
28 40
28 78
28 106
28 141
28 182
28 184
28 209
28 210
28 211
28 282
29 44
29 69
29 74
29 98
29 163
29 215
29 222
29 247
29 261
29 264
29 273
29 274
30 31
30 83
30 84
30 85
30 101
30 145
30 163
30 222
30 223
30 224
30 261
30 263
30 264
30 265
30 266
30 277
31 44
31 45
31 74
31 75
31 93
31 98
31 101
31 103
31 189
31 215
31 223
31 224
31 247
31 248
31 255
31 264
31 275
31 276
31 277
31 290
32 33
32 34
32 41
32 46
32 69
32 92
32 94
32 146
32 147
32 148
32 158
32 159
32 160
32 189
32 231
32 257
32 289
32 294
32 296
32 321
32 322
33 34
33 147
33 231
33 257
33 294
33 295
33 296
34 41
34 42
34 43
34 70
34 71
34 72
34 73
34 94
34 100
34 137
34 148
34 152
34 154
34 204
34 231
34 233
34 279
34 321
35 36
35 37
35 60
35 79
35 89
35 90
35 91
35 150
35 151
35 164
35 165
35 166
35 185
35 197
35 198
35 199
35 211
36 37
36 38
36 59
36 60
36 77
36 79
36 90
36 91
36 150
36 165
36 185
36 197
36 198
36 208
37 38
37 79
37 82
37 166
37 182
37 185
37 198
37 202
37 208
37 211
38 39
38 60
38 77
38 78
38 79
38 91
38 104
38 106
38 140
38 141
38 142
38 150
38 166
38 171
38 172
38 182
38 184
38 185
38 200
38 208
38 209
38 210
38 211
38 219
38 271
38 280
38 281
38 282
38 284
39 40
39 184
39 211
40 91
40 185
40 187
40 198
40 200
40 202
41 42
41 43
41 68
41 70
41 71
41 73
41 136
41 137
41 148
41 160
41 188
41 189
41 203
41 204
41 279
41 322
42 43
42 70
42 71
42 73
42 100
42 137
42 147
42 148
42 152
42 154
42 189
42 233
42 279
42 321
43 66
43 67
43 70
43 71
43 72
43 73
43 100
43 137
43 154
43 204
43 205
43 279
43 293
44 45
44 46
44 68
44 69
44 74
44 136
44 188
44 189
44 215
44 247
44 249
44 274
44 275
45 69
45 74
45 75
45 92
45 93
45 98
45 103
45 189
45 215
45 217
45 247
45 248
45 255
45 276
45 277
45 289
45 290
45 295
46 69
46 74
46 92
46 94
46 136
46 189
46 215
46 217
46 231
46 248
46 289
46 294
47 48
47 49
47 66
47 72
47 76
47 99
47 100
47 232
47 233
47 256
47 276
47 278
48 49
48 66
48 67
48 71
48 72
48 86
48 87
48 88
48 97
48 99
48 102
48 103
48 153
48 154
48 204
48 256
48 266
48 278
48 291
48 292
49 66
49 71
49 72
49 76
49 98
49 100
49 153
49 154
49 233
49 256
49 276
49 278
49 291
50 51
50 52
50 53
50 109
50 111
50 156
50 162
51 52
51 53
51 54
51 144
51 162
51 180
52 53
52 109
52 111
52 112
52 133
52 144
52 167
52 180
52 181
52 259
52 260
52 323
52 324
53 54
53 112
53 133
53 161
53 162
53 163
53 167
53 179
53 180
53 181
53 258
53 259
53 260
53 323
54 84
54 112
54 144
54 323
54 324
55 56
55 57
55 77
55 118
55 119
55 173
55 192
55 236
55 270
55 271
55 272
55 280
56 57
56 78
56 104
56 105
56 119
56 142
56 172
56 173
56 271
56 280
56 282
57 78
57 79
57 104
57 119
57 173
57 192
57 208
57 209
57 236
57 271
57 272
57 280
57 310
58 59
58 60
58 61
58 63
58 107
58 116
58 117
58 120
58 126
58 128
58 165
58 191
58 196
58 206
58 213
58 214
58 243
58 250
58 252
58 253
58 287
58 288
58 315
58 320
59 60
59 77
59 79
59 107
59 120
59 121
59 122
59 128
59 150
59 165
59 166
59 193
59 206
59 207
59 208
59 211
59 310
59 311
59 312
59 314
59 319
59 320
60 63
60 77
60 82
60 89
60 90
60 117
60 122
60 128
60 150
60 164
60 165
60 166
60 196
60 208
60 211
60 214
60 314
60 320
61 62
61 63
61 80
61 81
61 95
61 96
61 150
61 194
61 212
61 213
61 237
61 239
61 250
61 269
61 285
61 287
61 315
62 63
62 194
62 213
62 239
62 251
62 269
62 285
62 287
62 288
62 315
62 316
63 97
63 117
63 126
63 150
63 165
63 194
63 195
63 213
63 214
63 287
63 288
64 65
64 114
64 115
64 124
64 165
64 171
64 195
64 219
64 220
64 234
64 235
64 237
64 238
64 239
64 245
64 254
64 267
64 268
64 270
64 284
64 285
65 115
65 119
65 124
65 140
65 142
65 171
65 172
65 209
65 219
65 235
65 238
65 245
65 251
65 254
65 267
65 268
65 270
65 271
65 280
65 281
65 284
66 67
66 71
66 72
66 73
66 75
66 86
66 87
66 88
66 99
66 102
66 131
66 154
66 204
66 266
66 291
66 293
67 72
67 102
67 131
67 163
67 204
67 237
67 266
67 278
67 293
68 69
68 70
68 92
68 136
68 188
68 189
68 190
68 248
68 249
69 70
69 74
69 92
69 93
69 94
69 103
69 136
69 146
69 159
69 160
69 189
69 215
69 217
69 231
69 257
69 289
69 294
69 322
70 71
70 73
70 136
70 137
70 154
70 190
70 203
70 204
70 248
71 72
71 73
71 86
71 88
71 99
71 102
71 137
71 147
71 152
71 153
71 154
71 204
71 266
71 278
71 279
71 291
71 293
71 321
72 73
72 86
72 88
72 99
72 100
72 102
72 152
72 154
72 204
72 205
72 266
72 278
72 279
72 291
72 292
72 293
72 321
73 94
73 100
73 137
73 152
73 204
73 205
73 233
73 278
73 279
73 291
73 293
73 321
74 75
74 76
74 92
74 93
74 98
74 101
74 103
74 189
74 216
74 217
74 232
74 247
74 248
74 255
74 264
74 276
74 277
74 290
74 295
75 76
75 93
75 98
75 99
75 101
75 215
75 216
75 232
75 248
75 255
75 256
75 264
75 276
76 98
76 99
76 100
76 153
76 232
76 233
76 255
76 257
76 276
76 278
76 305
76 306
76 307
77 78
77 79
77 90
77 104
77 128
77 150
77 165
77 173
77 182
77 206
77 207
77 208
77 209
77 211
77 272
77 310
78 79
78 104
78 105
78 106
78 142
78 173
78 209
78 211
78 281
78 282
79 90
79 106
79 142
79 150
79 165
79 166
79 173
79 184
79 185
79 208
79 209
79 210
79 211
79 282
80 81
80 82
80 95
80 97
80 126
80 149
80 150
80 164
80 165
80 197
80 212
80 220
80 237
80 239
81 82
81 96
81 97
81 165
81 212
81 213
81 214
81 237
81 239
81 252
81 287
82 89
82 90
82 97
82 128
82 150
82 164
82 165
82 166
82 208
82 213
82 214
83 84
83 85
83 108
83 109
83 110
83 129
83 143
83 145
83 167
83 261
83 262
84 109
84 112
84 143
84 144
84 145
84 167
84 259
84 262
85 110
85 129
85 145
85 262
86 87
86 99
86 102
86 266
87 88
87 99
87 102
87 204
87 266
87 277
87 278
87 291
88 99
88 102
88 266
88 278
88 291
88 292
89 90
89 91
89 150
89 151
89 164
89 166
89 197
89 198
89 199
89 214
90 91
90 150
90 165
90 166
90 185
90 196
90 197
90 198
90 211
90 214
90 314
91 151
91 166
91 197
91 198
91 199
91 208
92 93
92 94
92 136
92 158
92 189
92 215
92 217
92 231
92 248
92 249
92 257
92 289
92 294
92 322
93 94
93 98
93 101
93 103
93 136
93 215
93 216
93 217
93 231
93 248
93 255
93 257
93 264
93 276
93 277
93 289
93 290
93 294
94 136
94 137
94 146
94 148
94 158
94 160
94 189
94 204
94 231
94 289
94 294
94 321
94 322
95 97
95 149
95 165
95 220
95 237
95 283
96 97
96 213
96 218
96 220
96 239
96 283
97 149
97 150
97 151
97 164
97 165
97 212
97 214
97 220
97 237
97 239
97 250
97 285
97 287
97 315
98 99
98 100
98 101
98 103
98 153
98 232
98 247
98 248
98 255
98 256
98 257
98 264
98 276
98 290
98 295
98 305
98 306
98 307
99 100
99 102
99 103
99 153
99 204
99 232
99 266
99 276
99 277
99 278
99 291
99 305
100 137
100 152
100 153
100 154
100 204
100 231
100 232
100 233
100 256
100 257
100 278
100 306
101 102
101 103
101 215
101 223
101 232
101 248
101 255
101 261
101 264
101 265
101 266
101 277
102 204
102 264
102 266
102 277
102 278
103 215
103 232
103 248
103 255
103 264
103 266
103 276
103 277
103 278
104 105
104 119
104 173
104 209
104 271
104 280
104 282
105 106
105 172
105 173
105 209
105 280
105 281
105 282
106 182
106 209
106 210
106 211
106 282
107 117
107 118
107 120
107 121
107 126
107 127
107 134
107 135
107 192
107 193
107 206
107 310
107 312
107 314
107 319
107 320
108 109
108 110
108 113
108 155
108 157
108 161
108 162
108 163
108 167
108 179
108 261
108 262
109 110
109 111
109 112
109 132
109 133
109 139
109 143
109 144
109 156
109 157
109 167
109 168
109 169
109 170
109 174
109 175
109 179
109 180
109 181
109 258
109 259
109 260
109 318
109 323
109 324
109 326
110 157
110 167
110 262
111 112
111 113
111 133
111 138
111 139
111 156
111 179
111 323
112 113
112 132
112 133
112 138
112 139
112 143
112 144
112 156
112 167
112 168
112 174
112 177
112 178
112 179
112 180
112 181
112 258
112 259
112 317
112 318
112 323
112 324
112 325
113 133
113 155
113 156
113 157
113 167
113 176
113 178
113 179
113 317
114 115
114 124
114 171
114 195
114 238
114 244
114 245
114 251
114 253
114 254
114 267
114 268
114 269
114 270
114 284
115 118
115 119
115 124
115 171
115 172
115 195
115 234
115 235
115 238
115 245
115 251
115 254
115 267
115 268
115 270
115 280
115 284
116 117
116 123
116 125
116 191
116 194
116 195
116 196
116 241
116 244
116 252
116 253
116 287
116 308
116 309
116 314
116 315
116 316
117 126
117 128
117 134
117 150
117 166
117 191
117 194
117 195
117 196
117 206
117 208
117 213
117 214
117 239
117 243
117 252
117 253
117 287
117 288
117 315
117 316
117 320
118 119
118 192
118 234
118 236
118 245
118 253
118 254
118 314
119 171
119 192
119 235
119 236
119 245
119 254
119 270
119 271
119 272
119 280
120 121
120 122
120 128
120 206
120 314
120 319
120 320
121 122
121 193
121 206
121 310
121 312
121 314
122 128
122 165
122 206
122 207
122 208
122 310
122 312
122 314
122 319
123 124
123 125
123 194
123 195
123 239
123 244
123 251
123 252
123 267
123 269
124 125
124 171
124 195
124 244
124 245
124 253
124 254
124 267
124 269
124 270
124 284
125 194
125 195
125 241
125 244
125 246
125 252
125 253
125 269
125 308
125 309
126 127
126 128
126 134
126 150
126 165
126 191
126 195
126 206
126 213
126 239
126 243
126 252
126 287
126 288
126 314
126 315
127 128
127 134
127 191
127 193
127 196
127 242
127 243
127 246
127 314
127 319
128 134
128 150
128 165
128 166
128 196
128 206
128 208
128 312
128 314
128 320
129 261
129 266
131 218
132 133
132 138
132 156
132 157
132 163
132 167
132 176
132 179
132 317
132 318
132 326
133 138
133 139
133 156
133 167
133 169
133 174
133 176
133 177
133 178
133 180
133 258
133 318
133 323
133 325
134 135
134 191
134 195
134 196
134 243
134 246
134 309
134 314
134 320
135 191
135 193
135 241
135 243
135 314
135 319
135 320
136 137
136 148
136 160
136 188
136 189
136 190
136 217
136 248
136 249
136 257
136 279
136 289
136 294
136 321
136 322
137 148
137 152
137 189
137 190
137 203
137 279
137 321
137 322
138 139
138 156
138 167
138 169
138 174
138 175
138 176
138 178
138 179
138 181
138 317
138 323
138 324
138 325
138 326
139 156
139 167
139 168
139 174
139 177
139 178
139 181
139 317
139 318
139 323
139 324
139 325
140 141
140 142
140 172
140 219
140 281
140 284
141 142
141 172
141 182
141 183
141 184
141 210
141 271
141 281
141 284
142 172
142 208
142 209
142 219
142 238
142 271
142 280
142 281
142 282
142 284
143 144
143 145
143 167
143 170
143 181
143 260
143 262
143 324
144 145
144 167
144 170
144 180
144 181
144 258
144 259
144 260
144 324
145 263
146 147
146 148
146 158
146 159
146 160
146 189
146 231
146 257
146 294
147 148
147 152
147 154
147 321
148 152
148 160
148 257
148 322
149 150
149 151
149 164
150 151
150 165
150 166
150 198
150 208
150 211
150 212
150 213
150 214
150 219
150 239
150 288
151 164
151 185
151 197
151 199
152 153
152 154
152 159
152 204
152 231
152 233
152 294
152 296
152 321
153 154
153 232
153 233
153 256
153 278
153 291
153 306
154 204
154 205
154 233
154 278
154 279
154 291
154 293
154 321
155 156
155 157
155 162
155 167
155 262
156 157
156 167
156 174
156 176
156 179
156 318
157 167
157 168
157 174
157 323
158 159
158 160
158 231
158 294
158 322
159 160
159 189
159 231
159 257
159 294
159 322
160 189
160 231
160 294
161 162
161 163
161 261
161 300
162 163
162 167
162 262
163 222
163 261
163 262
163 263
163 266
164 165
164 166
164 199
164 212
164 214
164 239
165 166
165 196
165 198
165 206
165 208
165 212
165 214
165 237
165 239
165 288
165 314
165 320
166 196
166 197
166 198
166 208
166 211
166 214
166 314
166 320
167 168
167 169
167 170
167 174
167 175
167 176
167 178
167 179
167 180
167 181
167 258
167 259
167 260
167 262
167 263
168 170
168 174
168 175
168 181
168 318
168 323
168 324
168 325
169 170
169 179
169 180
169 181
169 258
169 323
169 324
170 181
170 259
170 260
170 324
171 173
171 185
171 209
171 219
171 235
171 238
171 245
171 254
171 267
171 268
171 270
171 271
171 280
171 284
172 173
172 209
172 219
172 238
172 254
172 270
172 271
172 280
172 281
173 270
173 271
173 272
173 280
174 175
174 178
174 179
174 317
174 318
174 325
175 317
175 318
175 325
175 326
176 177
176 178
176 179
176 317
177 179
178 179
178 181
178 317
178 323
178 325
179 180
179 181
179 317
179 323
179 325
180 181
180 258
180 323
180 324
181 258
181 259
181 317
181 318
181 323
181 324
182 183
182 208
182 209
182 210
182 211
183 184
183 209
183 210
184 200
184 210
184 211
185 186
185 187
185 198
185 199
185 202
188 189
188 190
188 215
188 247
188 248
188 249
188 273
188 274
188 275
189 190
189 215
189 217
189 231
189 248
189 249
189 257
189 279
189 294
189 322
190 279
191 192
191 196
191 221
191 241
191 242
191 243
191 253
191 314
192 193
192 272
192 314
193 206
193 311
193 312
193 314
193 319
194 196
194 244
194 250
194 252
194 253
194 287
194 316
195 196
195 213
195 238
195 241
195 244
195 245
195 246
195 252
195 253
195 254
195 267
195 268
195 269
195 284
195 288
195 308
195 309
195 313
196 206
196 208
196 213
196 240
196 241
196 242
196 243
196 246
196 253
196 314
196 320
197 198
197 208
198 199
198 208
198 211
200 202
200 211
201 202
203 204
203 205
203 279
204 205
204 278
204 279
204 291
204 292
204 293
205 278
206 207
206 208
206 213
206 311
206 312
206 314
206 319
206 320
207 208
207 310
207 311
207 312
207 314
208 211
208 214
208 310
208 314
208 320
209 210
209 211
209 218
209 219
209 254
209 271
209 280
209 281
209 282
209 284
211 282
212 213
212 214
212 237
212 239
213 214
213 239
213 250
213 287
213 288
213 315
214 239
214 288
215 216
215 217
215 222
215 247
215 248
215 255
215 264
215 274
215 276
215 277
215 289
215 290
215 295
216 217
216 255
216 257
216 276
216 277
216 295
217 248
217 289
218 219
218 237
218 266
218 283
219 220
219 238
219 245
219 251
219 254
219 267
219 270
219 281
219 283
219 284
220 237
220 238
220 239
220 267
220 283
220 284
220 285
221 241
221 242
221 243
221 314
222 223
222 224
222 261
222 264
222 265
222 274
223 264
224 264
225 226
225 311
226 310
226 311
227 310
227 311
228 295
229 295
230 295
231 232
231 233
231 257
231 294
231 295
231 296
231 322
232 233
232 255
232 256
232 257
232 264
232 276
232 277
232 278
232 286
232 295
232 305
232 307
233 256
233 278
234 236
234 245
234 254
234 270
235 236
235 245
235 254
235 268
235 270
236 254
236 270
237 238
237 239
237 285
238 239
238 245
238 250
238 251
238 254
238 267
238 268
238 270
238 316
239 250
239 251
239 266
239 269
239 285
239 287
239 288
239 315
240 241
240 243
241 243
241 246
241 252
241 253
241 308
241 314
242 243
242 246
242 253
242 314
243 246
243 314
244 246
244 250
244 251
244 253
244 268
244 269
244 316
245 246
245 253
245 267
245 268
245 270
245 284
246 252
246 253
246 308
246 309
246 313
246 314
246 319
247 248
247 249
247 255
247 274
248 249
248 255
248 276
248 277
248 289
248 294
248 295
250 251
250 252
250 269
250 285
250 287
250 288
250 315
250 316
251 252
251 254
251 267
251 268
251 269
251 284
251 316
252 253
252 269
252 287
252 288
252 309
252 315
252 316
253 254
253 288
253 308
253 309
253 313
253 314
254 267
254 268
254 270
254 284
254 313
255 256
255 257
255 264
255 277
255 295
256 257
256 276
256 278
256 286
256 305
256 306
256 307
257 289
257 290
257 294
257 295
257 296
257 303
257 304
257 322
258 259
258 260
258 323
258 324
259 260
259 323
259 324
260 323
260 324
261 262
261 263
261 274
262 263
263 266
264 265
264 277
264 278
264 295
265 266
266 277
266 278
266 291
266 292
267 269
267 270
267 284
267 316
268 269
268 270
268 284
269 285
269 287
269 315
270 271
270 272
270 280
270 284
271 272
271 280
271 281
271 282
272 280
273 275
274 275
276 277
276 278
276 290
276 306
276 307
277 278
278 291
278 292
278 293
280 281
281 284
283 284
283 285
284 285
285 315
289 290
289 294
290 295
291 292
291 293
292 293
294 295
294 322
295 296
295 303
295 304
297 298
297 299
297 302
298 299
298 300
299 302
300 301
300 302
301 302
305 307
306 307
308 309
num_second_level_neighbors 8096
0 298
0 299
0 300
0 302
1 2
1 297
1 299
1 300
1 301
2 297
2 299
2 300
2 301
3 21
3 22
3 23
3 24
3 25
3 38
3 48
3 58
3 63
3 65
3 80
3 81
3 82
3 95
3 114
3 115
3 116
3 117
3 124
3 125
3 126
3 140
3 141
3 142
3 149
3 150
3 151
3 164
3 165
3 171
3 172
3 194
3 195
3 196
3 206
3 209
3 212
3 214
3 218
3 219
3 234
3 235
3 237
3 245
3 246
3 252
3 253
3 254
3 266
3 268
3 270
3 281
3 283
3 287
3 288
4 22
4 23
4 24
4 25
4 38
4 58
4 61
4 62
4 63
4 65
4 80
4 95
4 96
4 97
4 115
4 116
4 117
4 123
4 124
4 125
4 140
4 141
4 142
4 165
4 171
4 172
4 194
4 195
4 209
4 213
4 218
4 219
4 234
4 235
4 237
4 239
4 244
4 245
4 250
4 252
4 253
4 254
4 268
4 270
4 281
4 283
4 287
4 288
4 315
5 21
5 22
5 59
5 60
5 61
5 64
5 65
5 80
5 81
5 82
5 96
5 97
5 107
5 114
5 115
5 116
5 120
5 124
5 125
5 126
5 128
5 134
5 142
5 150
5 164
5 165
5 166
5 171
5 172
5 191
5 194
5 195
5 196
5 206
5 208
5 212
5 214
5 219
5 220
5 237
5 241
5 243
5 244
5 245
5 246
5 253
5 254
5 266
5 267
5 268
5 270
5 283
5 284
5 309
5 314
5 320
6 21
6 22
6 26
6 27
6 28
6 35
6 36
6 37
6 38
6 55
6 56
6 57
6 58
6 60
6 78
6 79
6 90
6 104
6 105
6 116
6 117
6 118
6 119
6 120
6 126
6 127
6 128
6 134
6 135
6 150
6 165
6 166
6 173
6 182
6 185
6 191
6 192
6 196
6 198
6 208
6 209
6 211
6 213
6 221
6 225
6 236
6 241
6 242
6 243
6 246
6 253
6 271
6 272
6 280
6 282
6 320
7 24
7 28
7 35
7 36
7 37
7 38
7 39
7 58
7 60
7 65
7 79
7 90
7 106
7 107
7 115
7 118
7 120
7 122
7 128
7 140
7 141
7 142
7 150
7 165
7 166
7 171
7 172
7 182
7 183
7 184
7 185
7 191
7 193
7 198
7 200
7 206
7 208
7 210
7 218
7 219
7 225
7 226
7 227
7 234
7 235
7 245
7 254
7 270
7 281
7 284
7 314
7 319
7 320
8 19
8 21
8 22
8 24
8 27
8 39
8 40
8 55
8 56
8 58
8 61
8 63
8 64
8 65
8 78
8 80
8 81
8 82
8 89
8 91
8 95
8 97
8 104
8 105
8 106
8 107
8 116
8 117
8 118
8 119
8 120
8 121
8 122
8 126
8 127
8 128
8 134
8 135
8 140
8 141
8 142
8 149
8 151
8 164
8 171
8 172
8 173
8 183
8 184
8 186
8 187
8 191
8 192
8 193
8 196
8 197
8 199
8 200
8 202
8 206
8 209
8 210
8 212
8 213
8 214
8 219
8 221
8 225
8 226
8 227
8 236
8 237
8 239
8 241
8 242
8 243
8 246
8 253
8 271
8 272
8 280
8 281
8 282
8 284
8 288
8 312
8 319
8 320
9 50
9 51
9 52
9 54
9 83
9 84
9 85
9 110
9 111
9 143
9 144
9 155
9 161
9 162
9 163
9 169
9 170
9 176
9 177
9 178
9 180
9 259
9 260
9 261
9 262
9 263
9 323
9 324
10 50
10 83
10 84
10 85
10 108
10 110
10 111
10 113
10 132
10 133
10 139
10 143
10 144
10 155
10 156
10 157
10 161
10 162
10 163
10 176
10 178
10 179
10 261
10 262
10 263
10 317
10 326
11 30
11 50
11 51
11 53
11 84
11 111
11 113
11 129
11 133
11 138
11 139
11 144
11 145
11 155
11 156
11 161
11 162
11 163
11 176
11 177
11 178
11 179
11 180
11 261
11 263
12 15
12 16
12 17
12 29
12 31
12 42
12 43
12 46
12 47
12 48
12 49
12 69
12 70
12 71
12 72
12 73
12 75
12 76
12 92
12 93
12 94
12 98
12 100
12 101
12 103
12 152
12 153
12 154
12 158
12 160
12 188
12 189
12 190
12 203
12 204
12 216
12 222
12 232
12 247
12 248
12 249
12 255
12 256
12 257
12 264
12 274
12 275
12 276
12 277
12 278
12 279
12 289
12 290
12 295
13 32
13 34
13 41
13 42
13 43
13 44
13 45
13 46
13 48
13 66
13 68
13 69
13 70
13 71
13 72
13 73
13 74
13 75
13 92
13 93
13 94
13 98
13 99
13 101
13 103
13 136
13 137
13 146
13 147
13 148
13 154
13 158
13 159
13 160
13 189
13 204
13 215
13 216
13 217
13 255
13 264
13 276
13 277
13 278
13 279
13 286
13 289
13 290
13 291
13 294
13 295
13 303
13 304
13 305
13 306
13 307
13 321
13 322
14 17
14 31
14 41
14 44
14 45
14 46
14 47
14 66
14 67
14 68
14 69
14 74
14 76
14 80
14 86
14 87
14 88
14 92
14 93
14 94
14 97
14 98
14 99
14 102
14 103
14 136
14 146
14 153
14 158
14 159
14 160
14 188
14 190
14 203
14 205
14 215
14 217
14 232
14 248
14 249
14 256
14 257
14 264
14 266
14 276
14 277
14 289
14 291
14 292
14 293
14 294
14 295
14 306
14 307
14 322
15 30
15 31
15 32
15 41
15 45
15 46
15 68
15 69
15 70
15 74
15 75
15 93
15 94
15 98
15 103
15 137
15 148
15 158
15 160
15 163
15 189
15 190
15 215
15 217
15 222
15 223
15 231
15 248
15 255
15 257
15 261
15 264
15 279
15 289
15 294
15 295
15 321
15 322
16 30
16 33
16 41
16 46
16 49
16 53
16 67
16 68
16 69
16 70
16 75
16 76
16 83
16 92
16 93
16 99
16 100
16 101
16 102
16 103
16 108
16 129
16 132
16 136
16 153
16 155
16 161
16 162
16 167
16 188
16 189
16 190
16 216
16 217
16 224
16 228
16 229
16 230
16 231
16 232
16 249
16 256
16 257
16 262
16 263
16 265
16 266
16 273
16 276
16 277
16 278
16 289
16 290
16 294
16 296
16 303
16 304
16 305
16 306
16 307
17 29
17 30
17 32
17 34
17 42
17 43
17 48
17 66
17 70
17 71
17 73
17 76
17 93
17 94
17 98
17 99
17 101
17 102
17 136
17 137
17 146
17 148
17 158
17 159
17 160
17 163
17 203
17 204
17 216
17 217
17 222
17 223
17 224
17 231
17 232
17 256
17 257
17 261
17 264
17 266
17 273
17 274
17 276
17 277
17 278
17 279
17 289
17 290
17 294
17 295
17 322
18 35
18 60
18 61
18 81
18 82
18 89
18 91
18 95
18 97
18 126
18 150
18 165
18 166
18 185
18 197
18 199
18 204
18 212
18 214
18 220
18 237
18 239
19 27
19 35
19 36
19 38
19 59
19 60
19 61
19 63
19 77
19 79
19 80
19 81
19 82
19 90
19 91
19 95
19 97
19 117
19 126
19 128
19 165
19 166
19 185
19 197
19 198
19 199
19 208
19 211
19 212
19 213
19 214
19 219
19 239
19 288
20 35
20 36
20 60
20 80
20 82
20 90
20 91
20 97
20 149
20 150
20 165
20 166
20 185
20 198
20 208
20 212
20 214
20 239
21 58
21 59
21 60
21 61
21 62
21 63
21 64
21 65
21 80
21 90
21 97
21 107
21 114
21 115
21 118
21 120
21 121
21 122
21 123
21 124
21 127
21 128
21 134
21 135
21 150
21 165
21 166
21 192
21 193
21 194
21 206
21 207
21 208
21 213
21 214
21 221
21 238
21 239
21 244
21 245
21 251
21 252
21 254
21 267
21 268
21 269
21 284
21 285
21 287
21 316
21 319
21 320
22 58
22 59
22 60
22 61
22 62
22 63
22 64
22 65
22 81
22 90
22 107
22 115
22 117
22 118
22 119
22 120
22 121
22 122
22 123
22 126
22 127
22 128
22 134
22 135
22 165
22 166
22 171
22 192
22 193
22 194
22 196
22 206
22 207
22 208
22 213
22 219
22 221
22 234
22 235
22 238
22 239
22 240
22 242
22 243
22 250
22 251
22 254
22 267
22 270
22 284
22 285
22 287
22 288
22 308
22 315
22 316
22 319
23 61
23 64
23 65
23 66
23 67
23 80
23 81
23 95
23 96
23 97
23 129
23 130
23 140
23 165
23 185
23 209
23 212
23 219
23 238
23 239
23 266
23 267
23 284
23 285
24 26
24 27
24 28
24 30
24 35
24 36
24 37
24 38
24 40
24 48
24 57
24 64
24 66
24 67
24 71
24 72
24 77
24 78
24 79
24 86
24 87
24 88
24 90
24 91
24 96
24 99
24 101
24 102
24 103
24 104
24 105
24 106
24 114
24 115
24 119
24 124
24 129
24 141
24 142
24 150
24 151
24 163
24 171
24 172
24 182
24 183
24 186
24 187
24 195
24 198
24 199
24 202
24 210
24 211
24 220
24 235
24 237
24 238
24 239
24 245
24 251
24 254
24 261
24 263
24 264
24 265
24 267
24 268
24 270
24 271
24 277
24 278
24 280
24 281
24 282
24 283
24 285
24 291
24 292
25 38
25 61
25 64
25 65
25 80
25 95
25 96
25 97
25 114
25 115
25 124
25 130
25 131
25 140
25 141
25 142
25 150
25 171
25 172
25 185
25 195
25 209
25 237
25 238
25 239
25 245
25 251
25 254
25 266
25 267
25 268
25 270
25 281
25 285
26 35
26 36
26 37
26 39
26 40
26 55
26 56
26 59
26 60
26 65
26 82
26 90
26 91
26 115
26 117
26 119
26 121
26 122
26 128
26 140
26 150
26 165
26 166
26 171
26 173
26 182
26 183
26 184
26 185
26 192
26 196
26 197
26 198
26 200
26 206
26 207
26 210
26 214
26 218
26 219
26 236
26 238
26 254
26 270
26 272
26 280
26 284
26 310
26 311
26 312
26 314
26 320
27 35
27 36
27 37
27 39
27 40
27 55
27 56
27 57
27 58
27 60
27 61
27 63
27 65
27 77
27 78
27 79
27 80
27 81
27 82
27 89
27 90
27 91
27 97
27 104
27 106
27 107
27 115
27 117
27 119
27 120
27 121
27 122
27 126
27 128
27 149
27 151
27 164
27 165
27 166
27 171
27 173
27 185
27 192
27 193
27 198
27 200
27 206
27 207
27 208
27 211
27 212
27 213
27 214
27 218
27 219
27 236
27 238
27 239
27 254
27 270
27 272
27 280
27 282
27 284
27 288
27 310
27 311
27 312
27 314
27 319
27 320
28 35
28 39
28 56
28 57
28 59
28 60
28 65
28 77
28 82
28 90
28 91
28 104
28 105
28 140
28 142
28 150
28 165
28 166
28 171
28 172
28 173
28 183
28 185
28 187
28 197
28 198
28 200
28 202
28 207
28 208
28 218
28 219
28 254
28 271
28 280
28 281
28 284
28 310
28 311
28 314
29 32
29 41
29 45
29 46
29 49
29 53
29 67
29 68
29 70
29 75
29 76
29 83
29 84
29 85
29 92
29 93
29 94
29 99
29 100
29 101
29 102
29 103
29 108
29 129
29 132
29 136
29 145
29 146
29 153
29 155
29 159
29 160
29 161
29 162
29 167
29 188
29 189
29 216
29 217
29 223
29 224
29 231
29 232
29 248
29 249
29 255
29 256
29 257
29 262
29 263
29 265
29 266
29 275
29 276
29 277
29 278
29 289
29 290
29 294
29 295
29 305
29 306
29 307
29 322
30 44
30 45
30 48
30 51
30 53
30 54
30 66
30 67
30 69
30 71
30 72
30 74
30 75
30 86
30 87
30 88
30 93
30 98
30 99
30 102
30 103
30 108
30 109
30 110
30 112
30 129
30 132
30 143
30 144
30 155
30 157
30 161
30 162
30 167
30 189
30 215
30 216
30 218
30 232
30 239
30 247
30 248
30 255
30 259
30 260
30 273
30 274
30 275
30 276
30 278
30 290
30 291
30 292
30 295
31 32
31 41
31 42
31 46
31 47
31 48
31 49
31 66
31 68
31 69
31 70
31 76
31 83
31 84
31 85
31 87
31 92
31 94
31 99
31 100
31 102
31 136
31 137
31 145
31 146
31 153
31 159
31 160
31 163
31 188
31 190
31 216
31 217
31 231
31 232
31 249
31 256
31 257
31 261
31 262
31 263
31 265
31 266
31 273
31 274
31 278
31 279
31 289
31 294
31 295
31 305
31 306
31 307
31 322
32 42
32 43
32 44
32 45
32 48
32 49
32 68
32 70
32 71
32 72
32 73
32 74
32 75
32 76
32 98
32 100
32 101
32 103
32 137
32 152
32 154
32 188
32 190
32 203
32 204
32 215
32 216
32 217
32 232
32 233
32 248
32 249
32 255
32 256
32 264
32 276
32 277
32 278
32 279
32 290
32 295
32 303
32 304
33 41
33 42
33 43
33 44
33 45
33 46
33 47
33 48
33 49
33 68
33 69
33 70
33 71
33 72
33 73
33 74
33 76
33 92
33 93
33 94
33 98
33 100
33 136
33 137
33 146
33 148
33 152
33 153
33 154
33 158
33 159
33 160
33 189
33 204
33 215
33 216
33 217
33 228
33 229
33 230
33 232
33 233
33 248
33 255
33 256
33 264
33 278
33 279
33 289
33 290
33 303
33 304
33 321
33 322
34 44
34 45
34 46
34 47
34 48
34 49
34 66
34 67
34 68
34 69
34 74
34 76
34 80
34 86
34 87
34 88
34 92
34 93
34 98
34 99
34 102
34 136
34 153
34 158
34 159
34 160
34 188
34 189
34 190
34 203
34 205
34 215
34 217
34 232
34 248
34 256
34 257
34 266
34 278
34 289
34 291
34 292
34 293
34 294
34 295
34 296
34 306
34 307
34 322
35 38
35 39
35 40
35 57
35 58
35 59
35 61
35 63
35 64
35 77
35 78
35 80
35 81
35 95
35 97
35 106
35 117
35 122
35 126
35 128
35 142
35 149
35 171
35 173
35 182
35 184
35 186
35 187
35 196
35 200
35 202
35 206
35 207
35 209
35 210
35 212
35 213
35 214
35 219
35 237
35 239
35 282
35 288
35 310
35 311
35 314
35 320
36 39
36 40
36 55
36 57
36 58
36 61
36 63
36 64
36 65
36 78
36 80
36 81
36 82
36 89
36 95
36 97
36 104
36 106
36 107
36 117
36 120
36 121
36 122
36 126
36 128
36 140
36 141
36 142
36 149
36 151
36 164
36 171
36 172
36 173
36 182
36 184
36 186
36 187
36 193
36 196
36 199
36 200
36 202
36 206
36 207
36 209
36 210
36 212
36 213
36 214
36 219
36 237
36 239
36 271
36 272
36 280
36 281
36 282
36 284
36 288
36 310
36 311
36 312
36 314
36 319
36 320
37 39
37 57
37 59
37 60
37 65
37 77
37 78
37 80
37 81
37 89
37 90
37 97
37 104
37 106
37 117
37 122
37 128
37 140
37 141
37 142
37 150
37 151
37 164
37 165
37 171
37 172
37 173
37 183
37 184
37 186
37 187
37 196
37 197
37 199
37 200
37 201
37 206
37 207
37 209
37 210
37 213
37 214
37 219
37 271
37 280
37 281
37 282
37 284
37 310
37 311
37 314
37 320
38 55
38 56
38 57
38 58
38 59
38 61
38 63
38 64
38 80
38 81
38 82
38 89
38 90
38 97
38 105
38 114
38 115
38 117
38 119
38 122
38 124
38 126
38 128
38 149
38 151
38 164
38 165
38 173
38 183
38 186
38 187
38 195
38 196
38 197
38 198
38 199
38 201
38 202
38 206
38 207
38 212
38 213
38 214
38 218
38 220
38 235
38 238
38 239
38 245
38 251
38 254
38 267
38 268
38 270
38 272
38 283
38 285
38 288
38 310
38 311
38 314
38 320
39 59
39 60
39 65
39 77
39 78
39 79
39 90
39 91
39 104
39 106
39 140
39 141
39 142
39 150
39 166
39 171
39 172
39 182
39 183
39 185
39 187
39 198
39 202
39 208
39 209
39 210
39 219
39 271
39 280
39 281
39 282
39 284
40 60
40 65
40 77
40 78
40 79
40 82
40 89
40 90
40 104
40 106
40 140
40 141
40 142
40 150
40 151
40 165
40 166
40 171
40 172
40 182
40 184
40 186
40 197
40 199
40 201
40 208
40 209
40 210
40 211
40 219
40 271
40 280
40 281
40 282
40 284
41 44
41 45
41 46
41 48
41 49
41 66
41 67
41 72
41 74
41 75
41 80
41 86
41 87
41 88
41 92
41 93
41 94
41 99
41 100
41 102
41 103
41 146
41 147
41 152
41 153
41 154
41 158
41 159
41 190
41 205
41 215
41 217
41 232
41 233
41 247
41 248
41 249
41 255
41 257
41 266
41 273
41 274
41 275
41 278
41 289
41 291
41 292
41 293
41 294
41 295
41 296
41 321
42 44
42 45
42 46
42 47
42 48
42 66
42 67
42 68
42 69
42 74
42 76
42 86
42 88
42 92
42 94
42 98
42 99
42 102
42 136
42 146
42 153
42 159
42 160
42 188
42 190
42 203
42 204
42 205
42 215
42 217
42 231
42 232
42 248
42 249
42 256
42 257
42 266
42 276
42 278
42 291
42 292
42 293
42 294
42 296
42 306
42 307
42 322
43 47
43 48
43 49
43 68
43 69
43 75
43 76
43 80
43 86
43 87
43 88
43 94
43 98
43 99
43 102
43 131
43 136
43 146
43 147
43 148
43 152
43 153
43 160
43 163
43 188
43 189
43 190
43 231
43 232
43 233
43 237
43 248
43 256
43 257
43 266
43 278
43 292
43 296
43 306
43 307
43 321
43 322
44 70
44 75
44 76
44 93
44 94
44 98
44 101
44 103
44 137
44 146
44 147
44 148
44 158
44 159
44 160
44 163
44 190
44 216
44 217
44 222
44 223
44 224
44 231
44 232
44 233
44 255
44 257
44 261
44 264
44 273
44 276
44 277
44 279
44 289
44 290
44 294
44 295
44 296
44 321
44 322
45 47
45 48
45 49
45 66
45 68
45 70
45 76
45 87
45 94
45 99
45 100
45 102
45 136
45 137
45 146
45 147
45 148
45 153
45 158
45 159
45 160
45 163
45 188
45 190
45 216
45 222
45 223
45 224
45 228
45 229
45 230
45 231
45 232
45 233
45 249
45 256
45 257
45 261
45 264
45 265
45 266
45 274
45 275
45 278
45 279
45 294
45 296
45 303
45 304
45 305
45 306
45 307
45 321
45 322
46 70
46 73
46 75
46 76
46 93
46 98
46 100
46 101
46 103
46 137
46 146
46 147
46 148
46 152
46 158
46 159
46 160
46 188
46 190
46 204
46 216
46 222
46 232
46 233
46 247
46 249
46 255
46 257
46 264
46 274
46 275
46 276
46 277
46 279
46 290
46 295
46 296
46 321
46 322
47 67
47 71
47 73
47 74
47 75
47 86
47 87
47 88
47 93
47 97
47 98
47 101
47 102
47 103
47 131
47 137
47 152
47 154
47 204
47 205
47 215
47 216
47 231
47 248
47 255
47 257
47 264
47 266
47 277
47 279
47 286
47 290
47 291
47 292
47 293
47 295
47 296
47 305
47 307
47 321
48 61
48 63
48 69
48 70
48 74
48 75
48 76
48 80
48 81
48 82
48 93
48 94
48 95
48 96
48 98
48 100
48 101
48 129
48 131
48 137
48 147
48 148
48 149
48 150
48 151
48 152
48 163
48 164
48 165
48 189
48 203
48 205
48 212
48 213
48 214
48 215
48 218
48 220
48 231
48 232
48 233
48 237
48 239
48 248
48 250
48 255
48 257
48 261
48 263
48 264
48 265
48 276
48 277
48 279
48 285
48 286
48 287
48 296
48 305
48 306
48 307
48 315
48 321
49 67
49 70
49 73
49 74
49 75
49 86
49 87
49 88
49 93
49 97
49 99
49 101
49 102
49 103
49 131
49 137
49 147
49 148
49 152
49 189
49 204
49 205
49 215
49 216
49 231
49 247
49 248
49 255
49 257
49 264
49 266
49 277
49 279
49 286
49 290
49 292
49 293
49 295
49 296
49 305
49 306
49 307
49 321
50 54
50 83
50 84
50 108
50 110
50 112
50 113
50 132
50 133
50 138
50 139
50 143
50 144
50 155
50 157
50 161
50 163
50 167
50 168
50 169
50 170
50 174
50 175
50 176
50 179
50 180
50 181
50 258
50 259
50 260
50 262
50 318
50 323
50 324
50 326
51 83
51 85
51 108
51 109
51 111
51 112
51 133
51 138
51 139
51 143
51 145
51 155
51 156
51 161
51 163
51 167
51 168
51 169
51 170
51 174
51 175
51 177
51 179
51 181
51 258
51 259
51 260
51 262
51 318
51 323
51 325
52 54
52 83
52 84
52 85
52 108
52 110
52 113
52 132
52 138
52 139
52 145
52 155
52 156
52 157
52 161
52 162
52 163
52 168
52 169
52 170
52 174
52 175
52 176
52 177
52 178
52 179
52 261
52 262
52 263
52 317
52 318
52 325
52 326
53 67
53 83
53 84
53 108
53 109
53 110
53 111
53 113
53 132
53 138
53 139
53 143
53 145
53 155
53 156
53 157
53 168
53 169
53 170
53 174
53 175
53 176
53 177
53 178
53 222
53 261
53 262
53 263
53 265
53 266
53 300
53 301
53 317
53 318
53 325
53 326
54 83
54 85
54 108
54 110
54 111
54 113
54 132
54 133
54 138
54 139
54 143
54 145
54 156
54 157
54 161
54 162
54 163
54 167
54 168
54 169
54 170
54 174
54 175
54 176
54 177
54 178
54 179
54 181
54 258
54 259
54 260
54 262
54 317
54 318
54 325
54 326
55 59
55 60
55 64
55 65
55 78
55 79
55 90
55 105
55 106
55 107
55 114
55 115
55 121
55 124
55 128
55 141
55 142
55 150
55 165
55 166
55 172
55 182
55 185
55 191
55 193
55 206
55 207
55 208
55 209
55 211
55 219
55 234
55 235
55 238
55 245
55 253
55 254
55 267
55 268
55 281
55 282
55 284
55 310
55 311
55 312
55 313
55 314
56 59
56 65
56 77
56 79
56 106
56 115
56 118
56 121
56 140
56 141
56 171
56 192
56 207
56 208
56 209
56 211
56 219
56 234
56 235
56 236
56 238
56 245
56 254
56 270
56 272
56 284
56 310
56 311
56 312
57 59
57 60
57 65
57 82
57 90
57 91
57 105
57 106
57 107
57 115
57 117
57 118
57 121
57 122
57 128
57 140
57 141
57 142
57 150
57 165
57 166
57 171
57 172
57 182
57 183
57 184
57 185
57 191
57 193
57 196
57 197
57 198
57 206
57 207
57 210
57 211
57 214
57 218
57 219
57 225
57 226
57 227
57 234
57 235
57 245
57 254
57 270
57 281
57 282
57 284
57 311
57 312
57 314
57 320
58 62
58 64
58 77
58 79
58 80
58 81
58 82
58 89
58 90
58 95
58 96
58 97
58 114
58 118
58 121
58 122
58 123
58 124
58 125
58 127
58 134
58 135
58 150
58 151
58 164
58 166
58 192
58 193
58 194
58 195
58 198
58 207
58 208
58 211
58 212
58 220
58 221
58 237
58 238
58 240
58 241
58 242
58 244
58 245
58 246
58 251
58 254
58 266
58 269
58 285
58 308
58 309
58 310
58 311
58 312
58 313
58 316
58 319
59 61
59 63
59 64
59 78
59 80
59 81
59 82
59 89
59 90
59 91
59 95
59 97
59 104
59 105
59 106
59 116
59 117
59 118
59 119
59 126
59 127
59 134
59 135
59 140
59 141
59 142
59 149
59 151
59 164
59 172
59 173
59 182
59 183
59 184
59 185
59 191
59 192
59 196
59 197
59 198
59 200
59 209
59 210
59 212
59 213
59 214
59 219
59 221
59 225
59 226
59 227
59 236
59 237
59 239
59 241
59 242
59 243
59 246
59 250
59 252
59 253
59 271
59 272
59 280
59 281
59 282
59 287
59 288
59 315
60 61
60 62
60 64
60 65
60 78
60 79
60 80
60 81
60 91
60 95
60 97
60 104
60 106
60 107
60 116
60 118
60 120
60 121
60 126
60 127
60 134
60 135
60 140
60 141
60 142
60 149
60 151
60 171
60 172
60 173
60 182
60 184
60 185
60 191
60 192
60 193
60 194
60 195
60 197
60 199
60 200
60 207
60 209
60 210
60 212
60 213
60 219
60 221
60 237
60 239
60 240
60 241
60 242
60 243
60 246
60 250
60 252
60 253
60 271
60 272
60 280
60 281
60 282
60 284
60 287
60 288
60 310
60 311
60 312
60 315
60 316
60 319
61 64
61 67
61 77
61 79
61 82
61 89
61 90
61 107
61 114
61 116
61 117
61 120
61 123
61 124
61 125
61 126
61 128
61 149
61 151
61 164
61 165
61 166
61 191
61 195
61 196
61 197
61 198
61 204
61 206
61 208
61 211
61 214
61 218
61 219
61 238
61 243
61 244
61 251
61 252
61 253
61 266
61 267
61 268
61 283
61 284
61 288
61 314
61 316
61 320
62 64
62 65
62 80
62 81
62 82
62 95
62 96
62 97
62 114
62 115
62 116
62 117
62 123
62 124
62 125
62 126
62 150
62 164
62 165
62 195
62 196
62 206
62 212
62 214
62 219
62 220
62 237
62 238
62 244
62 252
62 253
62 254
62 266
62 267
62 268
62 283
62 284
63 64
63 65
63 77
63 79
63 80
63 82
63 89
63 90
63 95
63 96
63 107
63 114
63 115
63 116
63 120
63 122
63 123
63 124
63 125
63 127
63 128
63 134
63 149
63 151
63 164
63 166
63 191
63 196
63 198
63 206
63 208
63 211
63 212
63 219
63 220
63 237
63 238
63 241
63 243
63 244
63 245
63 246
63 250
63 251
63 252
63 253
63 254
63 266
63 267
63 268
63 269
63 284
63 285
63 308
63 309
63 313
63 314
63 315
63 316
63 320
64 67
64 77
64 79
64 80
64 81
64 82
64 90
64 95
64 96
64 97
64 116
64 117
64 118
64 119
64 122
64 123
64 125
64 126
64 128
64 134
64 140
64 141
64 142
64 150
64 164
64 166
64 172
64 173
64 185
64 192
64 194
64 196
64 198
64 206
64 208
64 209
64 212
64 213
64 214
64 218
64 236
64 241
64 244
64 246
64 250
64 252
64 253
64 266
64 271
64 272
64 280
64 281
64 283
64 287
64 288
64 308
64 309
64 313
64 314
64 315
64 316
64 320
65 77
65 78
65 79
65 91
65 104
65 105
65 106
65 114
65 116
65 117
65 118
65 123
65 125
65 126
65 130
65 131
65 134
65 141
65 150
65 165
65 166
65 173
65 182
65 183
65 184
65 185
65 192
65 194
65 196
65 200
65 208
65 210
65 211
65 213
65 218
65 220
65 234
65 236
65 237
65 239
65 241
65 244
65 246
65 250
65 252
65 253
65 266
65 269
65 272
65 282
65 283
65 285
65 288
65 308
65 309
65 313
65 316
66 70
66 74
66 76
66 80
66 93
66 94
66 97
66 98
66 100
66 101
66 103
66 129
66 130
66 137
66 147
66 152
66 153
66 163
66 203
66 205
66 215
66 216
66 218
66 232
66 233
66 237
66 239
66 248
66 255
66 256
66 261
66 263
66 264
66 265
66 276
66 277
66 279
66 305
66 306
66 307
66 321
67 70
67 71
67 73
67 75
67 76
67 80
67 81
67 86
67 87
67 94
67 95
67 96
67 97
67 99
67 100
67 101
67 103
67 108
67 129
67 130
67 132
67 137
67 152
67 153
67 154
67 155
67 161
67 162
67 165
67 167
67 203
67 205
67 212
67 218
67 220
67 222
67 232
67 233
67 238
67 239
67 256
67 261
67 262
67 263
67 264
67 265
67 276
67 277
67 279
67 283
67 285
67 291
67 321
68 71
68 72
68 73
68 74
68 75
68 93
68 94
68 98
68 101
68 103
68 137
68 146
68 147
68 148
68 154
68 158
68 159
68 160
68 203
68 204
68 215
68 217
68 231
68 233
68 247
68 255
68 257
68 273
68 274
68 275
68 276
68 277
68 289
68 294
68 295
68 296
68 321
68 322
69 71
69 73
69 75
69 76
69 98
69 99
69 100
69 101
69 102
69 137
69 147
69 148
69 152
69 154
69 158
69 163
69 188
69 190
69 203
69 204
69 216
69 222
69 232
69 233
69 247
69 249
69 255
69 256
69 261
69 264
69 266
69 273
69 274
69 275
69 276
69 277
69 278
69 279
69 290
69 295
69 296
69 303
69 304
69 321
70 72
70 74
70 75
70 80
70 86
70 87
70 88
70 92
70 93
70 94
70 98
70 99
70 100
70 101
70 102
70 103
70 146
70 147
70 148
70 152
70 153
70 159
70 160
70 188
70 205
70 215
70 217
70 231
70 233
70 247
70 249
70 255
70 257
70 266
70 276
70 277
70 278
70 289
70 291
70 292
70 293
70 294
70 295
70 296
70 321
70 322
71 75
71 76
71 80
71 87
71 94
71 97
71 98
71 101
71 103
71 129
71 131
71 136
71 146
71 148
71 159
71 160
71 163
71 188
71 189
71 190
71 203
71 205
71 218
71 231
71 232
71 239
71 248
71 256
71 257
71 261
71 263
71 264
71 265
71 276
71 277
71 292
71 294
71 296
71 305
71 306
71 307
71 322
72 75
72 76
72 80
72 87
72 94
72 97
72 98
72 101
72 103
72 129
72 131
72 136
72 137
72 146
72 147
72 148
72 159
72 160
72 163
72 189
72 190
72 203
72 218
72 231
72 232
72 233
72 237
72 239
72 256
72 257
72 261
72 263
72 264
72 265
72 276
72 277
72 294
72 296
72 305
72 306
72 307
73 75
73 76
73 80
73 86
73 87
73 88
73 92
73 93
73 97
73 98
73 99
73 102
73 103
73 131
73 136
73 146
73 147
73 148
73 153
73 158
73 159
73 160
73 188
73 189
73 190
73 203
73 231
73 232
73 248
73 256
73 257
73 264
73 266
73 276
73 277
73 289
73 292
73 294
73 296
73 306
73 307
73 322
74 87
74 94
74 99
74 100
74 102
74 136
74 137
74 146
74 147
74 148
74 153
74 158
74 159
74 160
74 163
74 188
74 190
74 222
74 223
74 224
74 228
74 229
74 230
74 231
74 233
74 249
74 256
74 257
74 261
74 265
74 266
74 273
74 274
74 275
74 278
74 279
74 286
74 289
74 294
74 296
74 303
74 304
74 305
74 306
74 307
74 321
74 322
75 86
75 87
75 88
75 92
75 94
75 100
75 102
75 131
75 136
75 153
75 154
75 188
75 189
75 190
75 204
75 217
75 222
75 223
75 224
75 231
75 233
75 247
75 249
75 257
75 261
75 265
75 266
75 274
75 275
75 278
75 286
75 289
75 290
75 291
75 292
75 293
75 294
75 295
75 305
75 306
75 307
76 86
76 87
76 88
76 92
76 93
76 94
76 101
76 102
76 103
76 136
76 137
76 146
76 148
76 152
76 154
76 159
76 189
76 204
76 205
76 215
76 216
76 217
76 231
76 247
76 248
76 264
76 266
76 277
76 289
76 290
76 291
76 292
76 293
76 294
76 295
76 296
76 303
76 304
76 322
77 80
77 81
77 82
77 89
77 91
77 95
77 97
77 105
77 106
77 107
77 117
77 118
77 119
77 120
77 121
77 122
77 126
77 127
77 134
77 140
77 141
77 142
77 149
77 151
77 164
77 171
77 172
77 183
77 184
77 185
77 192
77 193
77 196
77 197
77 198
77 200
77 210
77 212
77 213
77 214
77 218
77 219
77 225
77 226
77 227
77 236
77 237
77 239
77 254
77 270
77 271
77 280
77 281
77 282
77 284
77 288
77 311
77 312
77 314
77 319
77 320
78 90
78 91
78 115
78 119
78 121
78 128
78 140
78 141
78 150
78 165
78 166
78 171
78 172
78 182
78 183
78 184
78 185
78 192
78 198
78 200
78 206
78 207
78 208
78 210
78 218
78 219
78 236
78 238
78 254
78 270
78 272
78 284
78 310
78 311
78 312
79 80
79 81
79 82
79 89
79 91
79 95
79 97
79 104
79 105
79 107
79 117
79 119
79 120
79 121
79 122
79 126
79 128
79 140
79 141
79 149
79 151
79 164
79 171
79 172
79 183
79 186
79 187
79 192
79 193
79 196
79 197
79 198
79 199
79 200
79 202
79 206
79 207
79 212
79 213
79 214
79 218
79 219
79 236
79 237
79 238
79 239
79 254
79 270
79 271
79 272
79 280
79 281
79 284
79 288
79 310
79 311
79 312
79 314
79 319
79 320
80 87
80 89
80 90
80 91
80 94
80 96
80 99
80 100
80 102
80 107
80 117
80 122
80 123
80 127
80 128
80 134
80 137
80 151
80 152
80 154
80 166
80 191
80 194
80 195
80 196
80 198
80 199
80 203
80 205
80 206
80 208
80 211
80 213
80 214
80 218
80 219
80 238
80 243
80 250
80 251
80 252
80 253
80 266
80 267
80 269
80 278
80 279
80 283
80 284
80 285
80 287
80 288
80 291
80 292
80 293
80 314
80 315
80 320
81 89
81 90
81 95
81 116
81 117
81 122
81 123
81 125
81 126
81 128
81 149
81 151
81 164
81 166
81 194
81 195
81 196
81 197
81 198
81 204
81 206
81 208
81 211
81 218
81 219
81 220
81 238
81 241
81 244
81 246
81 250
81 251
81 253
81 266
81 269
81 283
81 285
81 288
81 309
81 314
81 315
81 316
81 320
82 91
82 95
82 96
82 117
82 120
82 122
82 126
82 127
82 134
82 142
82 149
82 182
82 185
82 195
82 196
82 197
82 198
82 199
82 202
82 204
82 206
82 207
82 211
82 212
82 219
82 220
82 237
82 239
82 250
82 252
82 285
82 287
82 288
82 310
82 312
82 314
82 315
82 320
83 101
83 111
83 112
83 113
83 130
83 131
83 132
83 133
83 138
83 139
83 144
83 155
83 156
83 161
83 162
83 163
83 168
83 169
83 170
83 174
83 175
83 176
83 178
83 179
83 180
83 181
83 222
83 223
83 224
83 258
83 259
83 263
83 264
83 265
83 266
83 274
83 277
83 317
83 318
83 323
83 324
83 325
83 326
84 101
84 108
84 110
84 111
84 113
84 129
84 132
84 133
84 138
84 139
84 155
84 156
84 157
84 162
84 163
84 168
84 169
84 170
84 174
84 175
84 176
84 177
84 178
84 179
84 180
84 181
84 222
84 223
84 224
84 258
84 260
84 261
84 263
84 264
84 265
84 266
84 277
84 317
84 318
84 323
84 324
84 325
84 326
85 101
85 108
85 109
85 112
85 130
85 131
85 132
85 143
85 144
85 155
85 157
85 162
85 163
85 167
85 168
85 169
85 170
85 174
85 175
85 181
85 222
85 223
85 224
85 258
85 259
85 260
85 261
85 264
85 265
85 266
85 277
85 317
85 318
85 323
85 324
85 325
85 326
86 97
86 98
86 100
86 101
86 103
86 129
86 131
86 137
86 147
86 152
86 153
86 154
86 163
86 204
86 205
86 218
86 232
86 233
86 239
86 256
86 261
86 263
86 264
86 265
86 276
86 277
86 279
86 291
86 292
86 293
86 305
86 307
86 321
87 93
87 94
87 97
87 98
87 100
87 101
87 103
87 129
87 131
87 137
87 152
87 153
87 154
87 163
87 203
87 205
87 215
87 216
87 218
87 232
87 233
87 239
87 248
87 255
87 256
87 261
87 263
87 264
87 265
87 276
87 279
87 292
87 293
87 305
87 307
88 97
88 98
88 100
88 101
88 103
88 129
88 131
88 137
88 147
88 152
88 153
88 154
88 163
88 204
88 205
88 218
88 232
88 233
88 237
88 239
88 256
88 261
88 263
88 264
88 265
88 276
88 277
88 279
88 293
88 305
88 307
88 321
89 97
89 117
89 122
89 126
89 128
89 149
89 165
89 185
89 196
89 206
89 208
89 211
89 212
89 213
89 219
89 239
89 288
89 314
89 320
90 95
90 97
90 104
90 106
90 107
90 116
90 117
90 118
90 120
90 121
90 122
90 126
90 127
90 134
90 135
90 142
90 149
90 151
90 164
90 171
90 173
90 182
90 184
90 186
90 187
90 191
90 192
90 193
90 194
90 195
90 199
90 200
90 202
90 206
90 207
90 209
90 210
90 212
90 213
90 219
90 221
90 237
90 239
90 240
90 241
90 242
90 243
90 246
90 253
90 272
90 282
90 288
90 310
90 311
90 312
90 320
91 97
91 104
91 106
91 117
91 122
91 128
91 140
91 141
91 142
91 149
91 150
91 164
91 165
91 171
91 172
91 182
91 184
91 186
91 187
91 196
91 200
91 202
91 206
91 207
91 209
91 210
91 211
91 214
91 219
91 271
91 280
91 281
91 282
91 284
91 310
91 314
91 320
92 98
92 100
92 101
92 103
92 137
92 146
92 147
92 148
92 152
92 159
92 160
92 190
92 204
92 216
92 222
92 232
92 233
92 247
92 255
92 256
92 264
92 273
92 274
92 275
92 276
92 277
92 279
92 290
92 295
92 296
92 303
92 304
92 321
93 99
93 100
93 102
93 137
93 146
93 147
93 148
93 152
93 153
93 158
93 159
93 160
93 188
93 189
93 190
93 204
93 222
93 223
93 224
93 228
93 229
93 230
93 232
93 233
93 247
93 249
93 256
93 261
93 265
93 266
93 274
93 275
93 278
93 279
93 296
93 303
93 304
93 305
93 306
93 307
93 321
93 322
94 98
94 99
94 100
94 101
94 102
94 103
94 147
94 152
94 154
94 188
94 190
94 203
94 205
94 215
94 216
94 217
94 232
94 233
94 248
94 249
94 255
94 256
94 264
94 276
94 277
94 278
94 279
94 290
94 291
94 292
94 293
94 295
94 296
94 303
94 304
95 117
95 122
95 126
95 128
95 150
95 151
95 164
95 166
95 194
95 196
95 197
95 198
95 204
95 206
95 208
95 213
95 214
95 218
95 219
95 238
95 239
95 250
95 267
95 269
95 284
95 285
95 287
95 288
95 314
95 315
95 320
96 117
96 123
96 126
96 131
96 149
96 150
96 151
96 164
96 165
96 194
96 195
96 196
96 206
96 209
96 212
96 214
96 219
96 238
96 244
96 250
96 251
96 252
96 266
96 267
96 269
96 284
96 285
96 287
96 288
96 315
96 316
97 99
97 102
97 103
97 116
97 117
97 122
97 123
97 126
97 128
97 153
97 154
97 166
97 185
97 194
97 195
97 196
97 197
97 198
97 199
97 204
97 206
97 208
97 211
97 218
97 219
97 238
97 244
97 251
97 252
97 256
97 266
97 267
97 269
97 278
97 283
97 284
97 288
97 291
97 292
97 293
97 314
97 316
97 320
98 102
98 136
98 137
98 146
98 148
98 152
98 154
98 159
98 163
98 188
98 189
98 204
98 216
98 217
98 222
98 223
98 224
98 228
98 229
98 230
98 231
98 233
98 249
98 261
98 265
98 266
98 273
98 274
98 275
98 278
98 286
98 289
98 291
98 294
98 296
98 303
98 304
98 322
99 101
99 129
99 131
99 137
99 147
99 152
99 154
99 163
99 203
99 205
99 215
99 216
99 218
99 231
99 233
99 239
99 247
99 248
99 255
99 257
99 261
99 263
99 264
99 265
99 279
99 286
99 290
99 292
99 293
99 295
99 306
99 321
100 101
100 102
100 103
100 136
100 146
100 147
100 148
100 158
100 159
100 160
100 189
100 190
100 203
100 205
100 215
100 216
100 247
100 248
100 255
100 264
100 266
100 276
100 277
100 279
100 286
100 289
100 290
100 291
100 292
100 293
100 294
100 295
100 296
100 303
100 304
100 305
100 321
100 322
101 108
101 129
101 136
101 145
101 153
101 161
101 163
101 167
101 188
101 189
101 204
101 216
101 217
101 218
101 224
101 231
101 233
101 239
101 247
101 249
101 256
101 257
101 262
101 263
101 274
101 275
101 276
101 278
101 286
101 289
101 290
101 291
101 292
101 294
101 295
101 305
101 306
101 307
102 129
102 131
102 137
102 147
102 152
102 153
102 154
102 163
102 203
102 205
102 215
102 216
102 218
102 222
102 223
102 224
102 232
102 233
102 237
102 239
102 248
102 255
102 256
102 261
102 263
102 265
102 276
102 279
102 292
102 293
102 295
102 305
102 307
102 321
103 129
103 136
103 146
103 153
103 154
103 159
103 160
103 163
103 188
103 189
103 190
103 204
103 205
103 216
103 217
103 218
103 222
103 223
103 224
103 231
103 233
103 239
103 247
103 249
103 256
103 257
103 261
103 263
103 265
103 274
103 275
103 286
103 289
103 290
103 291
103 292
103 293
103 294
103 295
103 305
103 306
103 307
103 322
104 115
104 118
104 121
104 128
104 140
104 141
104 142
104 150
104 165
104 166
104 171
104 172
104 182
104 183
104 184
104 185
104 192
104 200
104 206
104 207
104 208
104 210
104 211
104 218
104 219
104 234
104 235
104 236
104 245
104 254
104 270
104 272
104 281
104 284
104 310
104 311
104 312
105 115
105 119
105 121
105 140
105 141
105 150
105 171
105 182
105 183
105 184
105 192
105 207
105 208
105 210
105 211
105 218
105 219
105 236
105 238
105 254
105 270
105 272
105 284
105 310
105 311
105 312
106 119
106 140
106 141
106 142
106 150
106 165
106 166
106 171
106 172
106 173
106 183
106 185
106 198
106 200
106 208
106 218
106 219
106 254
106 271
106 280
106 281
106 284
107 115
107 116
107 119
107 122
107 128
107 150
107 165
107 166
107 194
107 195
107 196
107 207
107 208
107 211
107 213
107 214
107 221
107 225
107 226
107 227
107 234
107 236
107 239
107 241
107 242
107 243
107 245
107 246
107 250
107 252
107 253
107 254
107 270
107 272
107 287
107 288
107 309
107 313
107 315
107 316
108 111
108 112
108 129
108 132
108 133
108 138
108 139
108 143
108 144
108 145
108 168
108 169
108 170
108 174
108 175
108 176
108 177
108 178
108 180
108 181
108 222
108 258
108 259
108 260
108 263
108 265
108 266
108 274
108 300
108 301
108 317
108 318
108 323
108 324
108 325
108 326
109 129
109 138
109 145
109 155
109 161
109 162
109 163
109 176
109 177
109 178
109 261
109 262
109 263
109 317
109 325
110 111
110 112
110 113
110 129
110 132
110 133
110 138
110 139
110 143
110 144
110 155
110 156
110 161
110 162
110 163
110 168
110 169
110 170
110 174
110 175
110 176
110 178
110 179
110 180
110 181
110 258
110 259
110 260
110 261
110 266
110 317
110 318
110 323
110 324
110 325
110 326
111 132
111 143
111 144
111 157
111 161
111 163
111 167
111 168
111 169
111 170
111 174
111 175
111 176
111 177
111 178
111 180
111 181
111 258
111 259
111 260
111 262
111 317
111 318
111 324
111 325
111 326
112 145
112 155
112 157
112 161
112 162
112 163
112 169
112 175
112 260
112 261
112 262
112 263
112 326
113 138
113 139
113 143
113 144
113 161
113 162
113 163
113 168
113 169
113 170
113 174
113 175
113 177
113 180
113 181
113 258
113 259
113 260
113 261
113 262
113 263
113 318
113 323
113 324
113 325
113 326
114 116
114 117
114 118
114 119
114 125
114 126
114 134
114 140
114 141
114 142
114 165
114 172
114 173
114 185
114 191
114 192
114 194
114 196
114 209
114 213
114 219
114 220
114 234
114 235
114 236
114 237
114 239
114 241
114 242
114 243
114 246
114 250
114 252
114 271
114 272
114 280
114 281
114 283
114 285
114 287
114 288
114 308
114 309
114 313
114 314
114 315
114 316
115 116
115 117
115 123
115 125
115 126
115 134
115 140
115 141
115 142
115 150
115 165
115 173
115 185
115 192
115 194
115 196
115 209
115 213
115 218
115 220
115 237
115 239
115 241
115 244
115 246
115 250
115 252
115 253
115 269
115 271
115 272
115 281
115 282
115 283
115 285
115 288
115 308
115 309
115 313
115 314
115 316
116 118
116 120
116 121
116 122
116 124
116 126
116 127
116 128
116 134
116 135
116 150
116 165
116 166
116 192
116 193
116 206
116 207
116 208
116 213
116 214
116 221
116 238
116 239
116 240
116 242
116 243
116 245
116 250
116 251
116 254
116 267
116 268
116 269
116 284
116 285
116 313
116 319
116 320
117 118
117 120
117 121
117 122
117 123
117 124
117 125
117 127
117 135
117 142
117 149
117 151
117 164
117 182
117 192
117 193
117 197
117 198
117 207
117 211
117 212
117 219
117 220
117 221
117 237
117 238
117 240
117 241
117 242
117 244
117 245
117 246
117 250
117 251
117 254
117 266
117 267
117 268
117 269
117 284
117 285
117 308
117 309
117 310
117 311
117 312
117 313
117 319
118 120
118 121
118 122
118 124
118 125
118 126
118 127
118 128
118 134
118 135
118 165
118 166
118 171
118 172
118 173
118 191
118 193
118 194
118 195
118 196
118 206
118 207
118 208
118 209
118 219
118 221
118 235
118 238
118 241
118 242
118 243
118 244
118 246
118 251
118 252
118 267
118 268
118 271
118 272
118 280
118 284
118 288
118 308
118 309
118 310
118 311
118 312
118 319
118 320
119 121
119 124
119 140
119 141
119 142
119 172
119 185
119 191
119 193
119 195
119 207
119 208
119 209
119 211
119 219
119 238
119 244
119 246
119 251
119 253
119 267
119 268
119 281
119 282
119 284
119 310
119 311
119 312
119 313
119 314
120 126
120 127
120 134
120 135
120 150
120 165
120 166
120 191
120 192
120 196
120 207
120 208
120 211
120 213
120 214
120 221
120 225
120 239
120 241
120 242
120 243
120 246
120 250
120 252
120 253
120 287
120 288
120 310
120 311
120 315
121 126
121 127
121 128
121 134
121 135
121 150
121 165
121 166
121 173
121 191
121 192
121 196
121 207
121 208
121 209
121 211
121 213
121 221
121 225
121 226
121 227
121 236
121 241
121 242
121 243
121 246
121 253
121 271
121 272
121 280
121 282
121 320
122 126
122 127
122 134
122 135
122 142
122 150
122 164
122 166
122 182
122 191
122 192
122 193
122 196
122 197
122 198
122 211
122 212
122 213
122 214
122 221
122 225
122 226
122 227
122 237
122 239
122 241
122 242
122 243
122 246
122 253
122 288
122 311
123 126
123 134
123 150
123 164
123 165
123 171
123 191
123 196
123 212
123 213
123 214
123 219
123 220
123 237
123 238
123 241
123 245
123 246
123 253
123 254
123 266
123 268
123 270
123 284
123 285
123 287
123 288
123 308
123 309
123 313
123 314
123 315
123 316
124 126
124 134
124 140
124 141
124 142
124 165
124 172
124 173
124 185
124 191
124 192
124 194
124 196
124 209
124 213
124 219
124 220
124 234
124 235
124 236
124 237
124 238
124 239
124 241
124 242
124 243
124 246
124 250
124 252
124 271
124 272
124 280
124 281
124 283
124 285
124 287
124 288
124 308
124 309
124 313
124 314
124 315
124 316
125 126
125 127
125 134
125 135
125 171
125 191
125 196
125 213
125 221
125 238
125 239
125 240
125 242
125 243
125 245
125 250
125 251
125 254
125 267
125 268
125 270
125 284
125 285
125 287
125 288
125 313
125 314
125 315
125 316
125 319
126 135
126 149
126 151
126 164
126 166
126 192
126 193
126 194
126 197
126 198
126 204
126 207
126 208
126 211
126 212
126 214
126 219
126 220
126 221
126 237
126 238
126 240
126 241
126 242
126 244
126 245
126 246
126 250
126 251
126 254
126 266
126 267
126 268
126 269
126 284
126 285
126 308
126 309
126 310
126 311
126 312
126 313
126 316
126 319
126 320
127 150
127 165
127 166
127 192
127 194
127 195
127 206
127 207
127 208
127 213
127 214
127 221
127 239
127 240
127 241
127 244
127 245
127 252
127 253
127 287
127 288
127 308
127 309
127 310
127 311
127 312
127 313
127 315
128 135
128 142
128 149
128 151
128 164
128 173
128 182
128 185
128 191
128 192
128 193
128 194
128 195
128 197
128 198
128 207
128 209
128 211
128 212
128 213
128 219
128 221
128 225
128 237
128 239
128 240
128 241
128 242
128 243
128 246
128 250
128 252
128 253
128 272
128 287
128 288
128 309
128 310
128 311
128 315
128 316
128 319
129 143
129 145
129 157
129 161
129 163
129 167
129 218
129 222
129 239
129 260
129 262
129 263
129 264
129 265
129 274
129 277
129 278
129 291
129 292
130 140
130 185
130 209
130 218
130 219
130 261
130 266
130 284
131 140
131 154
131 163
131 185
131 204
131 209
131 219
131 220
131 237
131 261
131 266
131 278
131 283
131 284
131 291
131 292
131 293
132 139
132 143
132 144
132 155
132 161
132 162
132 168
132 169
132 170
132 175
132 177
132 178
132 180
132 181
132 222
132 258
132 259
132 260
132 261
132 262
132 263
132 266
132 323
132 324
132 325
133 143
133 144
133 155
133 157
133 161
133 162
133 163
133 168
133 170
133 175
133 181
133 259
133 260
133 261
133 262
133 263
133 324
133 326
134 150
134 165
134 166
134 192
134 193
134 194
134 206
134 207
134 208
134 213
134 214
134 221
134 238
134 239
134 240
134 241
134 244
134 245
134 252
134 253
134 254
134 267
134 268
134 269
134 284
134 287
134 288
134 308
134 310
134 311
134 312
134 313
134 315
134 316
135 165
135 166
135 192
135 195
135 196
135 206
135 207
135 208
135 221
135 240
135 242
135 246
135 252
135 253
135 308
135 309
135 310
135 311
135 312
136 146
136 147
136 152
136 154
136 158
136 159
136 203
136 204
136 215
136 216
136 232
136 233
136 247
136 255
136 256
136 264
136 273
136 274
136 275
136 276
136 277
136 290
136 295
136 296
136 303
136 304
137 146
137 147
137 153
137 158
137 159
137 160
137 188
137 205
137 215
137 217
137 231
137 232
137 233
137 248
137 249
137 256
137 257
137 266
137 278
137 289
137 291
137 292
137 293
137 294
137 296
137 306
137 307
138 143
138 144
138 155
138 157
138 162
138 163
138 168
138 170
138 177
138 180
138 258
138 259
138 260
138 261
138 262
138 263
139 143
139 144
139 155
139 157
139 162
139 163
139 170
139 175
139 176
139 180
139 258
139 259
139 260
139 261
139 262
139 263
139 326
140 150
140 166
140 171
140 173
140 182
140 183
140 184
140 185
140 195
140 200
140 208
140 210
140 211
140 218
140 220
140 235
140 238
140 245
140 251
140 254
140 266
140 267
140 268
140 270
140 271
140 280
140 282
140 283
140 285
141 150
141 166
141 171
141 173
141 185
141 195
141 200
141 208
141 211
141 218
141 219
141 220
141 238
141 245
141 251
141 254
141 267
141 268
141 270
141 272
141 280
141 282
141 283
141 285
142 150
142 165
142 166
142 171
142 182
142 183
142 184
142 185
142 195
142 196
142 197
142 198
142 200
142 206
142 207
142 210
142 211
142 214
142 218
142 220
142 235
142 237
142 239
142 245
142 250
142 251
142 254
142 267
142 268
142 270
142 272
142 283
142 285
142 310
142 314
142 316
142 320
143 155
143 156
143 157
143 162
143 163
143 168
143 169
143 174
143 175
143 176
143 177
143 178
143 179
143 180
143 258
143 261
143 263
143 317
143 318
143 323
143 325
143 326
144 155
144 156
144 157
144 161
144 162
144 163
144 168
144 169
144 174
144 175
144 176
144 177
144 178
144 179
144 261
144 262
144 263
144 317
144 318
144 325
144 326
145 157
145 163
145 167
145 170
145 180
145 181
145 222
145 223
145 224
145 258
145 259
145 260
145 261
145 262
145 264
145 265
145 266
145 277
145 323
145 324
146 152
146 154
146 188
146 190
146 204
146 215
146 216
146 217
146 232
146 233
146 248
146 249
146 255
146 256
146 279
146 289
146 290
146 295
146 296
146 303
146 304
146 321
147 153
147 158
147 159
147 160
147 189
147 204
147 205
147 215
147 217
147 231
147 233
147 257
147 266
147 278
147 279
147 289
147 291
147 293
147 294
147 295
147 296
147 322
148 153
148 154
148 158
148 188
148 189
148 190
148 203
148 204
148 215
148 216
148 217
148 231
148 232
148 233
148 248
148 249
148 255
148 256
148 278
148 279
148 289
148 290
148 294
148 295
148 296
148 303
148 304
149 165
149 166
149 185
149 197
149 198
149 199
149 204
149 208
149 211
149 213
149 214
149 219
149 220
149 237
149 239
149 250
149 283
149 285
149 287
149 288
149 315
150 171
150 172
150 173
150 182
150 183
150 184
150 185
150 191
150 193
150 194
150 195
150 196
150 197
150 199
150 200
150 204
150 206
150 207
150 209
150 210
150 218
150 220
150 237
150 238
150 243
150 245
150 250
150 251
150 252
150 253
150 254
150 266
150 267
150 269
150 270
150 271
150 272
150 280
150 281
150 282
150 283
150 284
150 285
150 287
150 310
150 311
150 312
150 314
150 315
150 316
150 319
150 320
151 165
151 166
151 171
151 186
151 187
151 198
151 202
151 208
151 211
151 212
151 213
151 219
151 220
151 237
151 239
151 250
151 285
151 287
151 288
151 315
152 158
152 189
152 190
152 203
152 205
152 217
152 232
152 248
152 256
152 257
152 266
152 278
152 279
152 289
152 291
152 292
152 293
152 295
152 306
152 307
152 322
153 159
153 160
153 204
153 205
153 215
153 231
153 247
153 248
153 255
153 257
153 264
153 266
153 276
153 277
153 279
153 286
153 290
153 292
153 293
153 294
153 295
153 296
153 305
153 307
153 321
154 159
154 160
154 189
154 190
154 203
154 231
154 232
154 248
154 256
154 257
154 264
154 266
154 276
154 277
154 292
154 294
154 296
154 306
154 307
154 322
155 161
155 168
155 169
155 170
155 174
155 175
155 176
155 178
155 179
155 180
155 181
155 222
155 258
155 259
155 260
155 261
155 263
155 266
155 317
155 318
155 323
156 161
156 163
156 168
156 169
156 170
156 175
156 177
156 178
156 180
156 181
156 258
156 259
156 260
156 261
156 262
156 263
156 317
156 323
156 324
156 325
156 326
157 161
157 162
157 163
157 169
157 170
157 175
157 176
157 178
157 179
157 180
157 181
157 258
157 259
157 260
157 261
157 262
157 263
157 317
157 324
157 325
157 326
158 188
158 189
158 204
158 215
158 217
158 232
158 233
158 248
158 249
158 257
158 289
158 295
158 296
158 321
159 188
159 190
159 204
159 215
159 216
159 217
159 232
159 233
159 248
159 249
159 255
159 256
159 279
159 289
159 290
159 295
159 296
159 303
159 304
159 321
160 188
160 190
160 203
160 204
160 215
160 217
160 232
160 233
160 248
160 249
160 257
160 279
160 289
160 295
160 296
160 321
161 167
161 179
161 180
161 181
161 222
161 258
161 259
161 260
161 262
161 263
161 264
161 266
161 274
161 297
161 298
161 299
161 302
161 323
161 324
162 168
162 169
162 170
162 174
162 175
162 176
162 178
162 179
162 180
162 181
162 222
162 258
162 259
162 260
162 261
162 263
162 265
162 266
162 300
162 301
162 318
162 323
162 324
163 168
163 169
163 170
163 174
163 175
163 176
163 178
163 179
163 180
163 181
163 204
163 215
163 218
163 223
163 224
163 237
163 239
163 247
163 248
163 255
163 258
163 259
163 260
163 264
163 265
163 273
163 274
163 275
163 277
163 278
163 291
163 292
163 293
163 295
163 300
163 301
163 317
163 318
163 323
163 324
163 326
164 185
164 196
164 198
164 204
164 206
164 208
164 211
164 213
164 219
164 220
164 237
164 238
164 250
164 251
164 266
164 269
164 285
164 287
164 288
164 314
164 315
164 320
165 171
165 173
165 182
165 184
165 185
165 191
165 192
165 193
165 194
165 195
165 197
165 199
165 204
165 207
165 209
165 210
165 211
165 218
165 219
165 220
165 221
165 234
165 235
165 238
165 240
165 241
165 242
165 243
165 245
165 246
165 250
165 251
165 252
165 253
165 254
165 266
165 267
165 268
165 269
165 270
165 272
165 282
165 283
165 284
165 285
165 287
165 310
165 311
165 312
165 315
165 316
165 319
166 171
166 172
166 173
166 182
166 184
166 185
166 191
166 192
166 193
166 194
166 195
166 199
166 200
166 202
166 206
166 207
166 209
166 210
166 212
166 213
166 219
166 221
166 237
166 239
166 240
166 241
166 242
166 243
166 246
166 252
166 253
166 271
166 272
166 280
166 281
166 282
166 284
166 287
166 288
166 310
166 311
166 312
166 315
166 316
166 319
167 177
167 222
167 266
167 274
167 317
167 318
167 323
167 324
167 325
167 326
168 176
168 177
168 178
168 179
168 180
168 258
168 259
168 260
168 261
168 262
168 263
168 317
168 326
169 174
169 175
169 176
169 177
169 178
169 259
169 260
169 261
169 262
169 263
169 317
169 318
169 325
169 326
170 174
170 175
170 176
170 177
170 178
170 179
170 180
170 261
170 262
170 263
170 317
170 318
170 323
170 325
170 326
171 182
171 183
171 184
171 186
171 187
171 192
171 195
171 198
171 199
171 200
171 202
171 208
171 210
171 211
171 218
171 220
171 234
171 236
171 237
171 239
171 244
171 246
171 250
171 251
171 253
171 269
171 272
171 281
171 282
171 283
171 285
171 313
171 316
172 182
172 183
172 184
172 185
172 192
172 195
172 200
172 208
172 210
172 211
172 218
172 220
172 234
172 235
172 236
172 237
172 239
172 245
172 250
172 251
172 253
172 267
172 268
172 272
172 282
172 283
172 285
172 313
172 316
173 182
173 184
173 185
173 192
173 206
173 207
173 208
173 209
173 210
173 211
173 219
173 234
173 235
173 236
173 238
173 245
173 254
173 267
173 268
173 281
173 282
173 284
173 310
173 311
173 312
174 176
174 177
174 180
174 181
174 258
174 259
174 260
174 261
174 262
174 263
174 323
174 324
175 176
175 177
175 179
175 180
175 258
175 259
175 260
175 261
175 262
175 263
175 323
175 324
176 180
176 181
176 258
176 259
176 260
176 261
176 262
176 263
176 318
176 323
176 324
176 326
177 180
177 181
177 258
177 259
177 260
177 317
177 318
177 323
177 324
177 325
178 180
178 258
178 259
178 260
178 261
178 262
178 263
178 318
178 324
178 326
179 258
179 259
179 260
179 261
179 262
179 263
179 318
179 324
179 326
180 260
180 261
180 262
180 263
180 317
180 318
180 325
180 326
181 261
181 262
181 263
181 325
181 326
182 185
182 196
182 197
182 198
182 200
182 202
182 206
182 207
182 214
182 218
182 219
182 254
182 271
182 272
182 280
182 281
182 282
182 284
182 310
182 311
182 314
182 320
183 200
183 208
183 211
183 218
183 219
183 254
183 271
183 280
183 281
183 282
183 284
184 185
184 198
184 201
184 202
184 208
184 209
184 219
184 271
184 280
184 281
184 282
184 284
185 196
185 197
185 200
185 201
185 207
185 208
185 209
185 210
185 211
185 214
185 218
185 219
185 235
185 238
185 245
185 254
185 266
185 267
185 268
185 270
185 271
185 280
185 281
185 282
185 284
185 310
185 311
185 314
186 198
186 199
186 202
187 198
187 199
187 200
187 202
188 203
188 204
188 216
188 217
188 222
188 231
188 255
188 257
188 261
188 264
188 276
188 277
188 279
188 289
188 290
188 294
188 295
188 321
188 322
189 203
189 204
189 216
189 222
189 223
189 224
189 232
189 233
189 247
189 255
189 256
189 264
189 273
189 274
189 275
189 276
189 277
189 278
189 289
189 290
189 295
189 296
189 303
189 304
189 321
190 204
190 205
190 215
190 217
190 231
190 247
190 248
190 255
190 257
190 273
190 274
190 275
190 289
190 294
190 321
190 322
191 194
191 195
191 206
191 207
191 208
191 213
191 214
191 239
191 240
191 244
191 245
191 246
191 250
191 252
191 254
191 268
191 269
191 270
191 272
191 287
191 288
191 308
191 309
191 310
191 311
191 312
191 313
191 315
191 316
191 319
191 320
192 195
192 196
192 206
192 207
192 208
192 209
192 211
192 219
192 221
192 234
192 235
192 236
192 238
192 241
192 242
192 243
192 245
192 246
192 251
192 253
192 267
192 268
192 271
192 280
192 282
192 284
192 310
192 311
192 312
192 313
192 319
192 320
193 196
193 207
193 208
193 211
193 213
193 221
193 225
193 226
193 227
193 241
193 242
193 243
193 246
193 253
193 254
193 270
193 272
193 310
193 320
194 206
194 208
194 212
194 213
194 214
194 220
194 237
194 238
194 239
194 240
194 241
194 242
194 243
194 245
194 246
194 251
194 254
194 267
194 268
194 269
194 284
194 285
194 288
194 308
194 309
194 313
194 314
194 320
195 206
195 208
195 209
195 212
195 214
195 219
195 220
195 221
195 234
195 235
195 236
195 237
195 239
195 240
195 242
195 243
195 250
195 251
195 270
195 271
195 280
195 281
195 283
195 285
195 287
195 314
195 315
195 316
195 319
195 320
196 197
196 198
196 207
196 211
196 212
196 214
196 221
196 237
196 238
196 239
196 244
196 245
196 250
196 252
196 254
196 267
196 268
196 269
196 284
196 287
196 308
196 309
196 310
196 311
196 312
196 313
196 315
196 316
196 319
197 204
197 206
197 207
197 211
197 212
197 214
197 220
197 237
197 239
197 310
197 314
197 320
198 200
198 202
198 206
198 207
198 209
198 210
198 212
198 213
198 214
198 219
198 237
198 239
198 282
198 288
198 310
198 311
198 314
198 320
199 202
199 208
199 211
199 212
199 214
199 239
200 208
200 209
200 210
200 219
200 271
200 280
200 281
200 282
200 284
201 211
202 208
202 211
203 231
203 248
203 249
203 278
203 291
203 292
203 293
203 321
203 322
204 212
204 220
204 231
204 232
204 233
204 237
204 239
204 248
204 256
204 257
204 264
204 266
204 276
204 277
204 289
204 294
204 296
204 305
204 306
204 307
204 321
204 322
205 232
205 233
205 256
205 264
205 266
205 276
205 277
205 279
205 291
205 292
205 321
206 209
206 211
206 212
206 214
206 221
206 225
206 226
206 227
206 237
206 239
206 240
206 241
206 242
206 243
206 246
206 250
206 252
206 253
206 272
206 287
206 288
206 315
206 316
207 209
207 211
207 213
207 214
207 221
207 225
207 226
207 227
207 236
207 241
207 242
207 243
207 246
207 253
207 271
207 272
207 280
207 282
207 319
207 320
208 209
208 210
208 212
208 213
208 219
208 221
208 225
208 226
208 227
208 236
208 237
208 238
208 239
208 240
208 241
208 242
208 243
208 246
208 252
208 253
208 271
208 272
208 280
208 281
208 282
208 284
208 287
208 288
208 311
208 312
208 315
208 316
208 319
209 220
209 234
209 235
209 236
209 237
209 238
209 245
209 251
209 253
209 266
209 267
209 268
209 270
209 272
209 283
209 285
209 310
209 311
209 312
209 313
210 218
210 219
210 254
210 271
210 280
210 281
210 282
210 284
211 212
211 213
211 214
211 218
211 219
211 236
211 239
211 254
211 271
211 272
211 280
211 281
211 284
211 288
211 310
211 311
211 312
211 314
211 319
211 320
212 218
212 219
212 220
212 238
212 250
212 251
212 252
212 266
212 269
212 283
212 285
212 287
212 288
212 314
212 315
212 320
213 218
213 219
213 220
213 237
213 238
213 240
213 241
213 242
213 243
213 244
213 245
213 246
213 251
213 252
213 253
213 254
213 266
213 267
213 268
213 269
213 283
213 284
213 285
213 308
213 309
213 310
213 311
213 312
213 313
213 314
213 316
213 319
213 320
214 219
214 220
214 237
214 238
214 243
214 250
214 251
214 252
214 253
214 266
214 269
214 285
214 287
214 310
214 312
214 314
214 315
214 316
214 320
215 223
215 224
215 228
215 229
215 230
215 231
215 232
215 233
215 249
215 256
215 257
215 261
215 265
215 266
215 273
215 275
215 278
215 279
215 294
215 296
215 303
215 304
215 305
215 306
215 307
215 321
215 322
216 222
216 228
216 229
216 230
216 231
216 232
216 247
216 248
216 256
216 264
216 266
216 274
216 278
216 294
216 296
216 303
216 304
216 305
216 306
216 307
216 322
217 222
217 231
217 232
217 233
217 247
217 249
217 255
217 257
217 264
217 274
217 276
217 277
217 279
217 290
217 295
217 296
217 321
217 322
218 238
218 239
218 245
218 251
218 254
218 261
218 263
218 264
218 265
218 267
218 270
218 271
218 277
218 278
218 280
218 281
218 282
218 284
218 285
218 291
218 292
219 234
219 235
219 236
219 237
219 239
219 244
219 246
219 250
219 252
219 253
219 266
219 268
219 269
219 271
219 272
219 280
219 282
219 285
219 288
219 313
219 316
220 234
220 235
220 244
220 245
220 250
220 251
220 254
220 266
220 268
220 269
220 270
220 281
220 287
220 288
220 315
220 316
221 240
221 246
221 252
221 253
221 308
221 309
222 232
222 247
222 248
222 255
222 262
222 263
222 266
222 273
222 275
222 276
222 277
222 278
222 289
222 290
222 295
223 232
223 247
223 248
223 255
223 261
223 262
223 263
223 265
223 266
223 274
223 275
223 276
223 277
223 278
223 290
223 295
224 232
224 247
224 248
224 255
224 261
224 262
224 263
224 265
224 266
224 274
224 275
224 276
224 277
224 278
224 290
224 295
225 227
226 312
226 314
226 319
227 312
227 314
227 319
228 231
228 232
228 248
228 255
228 257
228 264
228 289
228 290
228 294
228 296
228 303
228 304
229 231
229 232
229 248
229 255
229 257
229 264
229 289
229 290
229 294
229 296
229 303
229 304
230 231
230 232
230 248
230 255
230 257
230 264
230 289
230 290
230 294
230 296
230 303
230 304
231 248
231 249
231 255
231 256
231 264
231 276
231 277
231 278
231 279
231 286
231 289
231 290
231 303
231 304
231 305
231 306
231 307
231 321
232 247
232 248
232 261
232 265
232 266
232 289
232 290
232 291
232 292
232 293
232 294
232 296
232 303
232 304
232 306
232 322
233 255
233 257
233 264
233 266
233 276
233 277
233 279
233 286
233 291
233 292
233 293
233 294
233 295
233 305
233 306
233 307
233 321
233 322
234 237
234 238
234 239
234 244
234 246
234 251
234 253
234 267
234 268
234 269
234 271
234 272
234 280
234 284
234 285
234 313
234 314
235 237
235 238
235 239
235 244
235 246
235 251
235 253
235 267
235 269
235 271
235 272
235 280
235 281
235 284
235 285
235 313
236 238
236 245
236 251
236 253
236 267
236 268
236 271
236 280
236 282
236 284
236 310
236 311
236 312
236 313
236 314
237 245
237 250
237 251
237 252
237 254
237 266
237 267
237 268
237 269
237 270
237 278
237 284
237 287
237 288
237 292
237 293
237 314
237 315
237 316
237 320
238 241
238 244
238 246
238 252
238 253
238 266
238 269
238 271
238 272
238 280
238 281
238 282
238 283
238 287
238 288
238 308
238 309
238 313
238 315
239 243
239 244
239 245
239 252
239 253
239 254
239 261
239 263
239 264
239 265
239 267
239 268
239 270
239 277
239 278
239 283
239 284
239 291
239 292
239 314
239 316
239 320
240 242
240 246
240 250
240 252
240 253
240 288
240 308
240 309
240 313
240 314
240 315
240 320
241 244
241 245
241 250
241 251
241 254
241 267
241 268
241 269
241 284
241 287
241 288
241 313
241 315
241 316
241 319
241 320
242 244
242 245
242 250
242 252
242 254
242 288
242 308
242 309
242 313
242 315
242 319
242 320
243 244
243 245
243 250
243 252
243 254
243 287
243 288
243 308
243 313
243 315
243 316
243 319
243 320
244 254
244 267
244 270
244 284
244 285
244 287
244 288
244 308
244 309
244 313
244 314
244 315
244 319
245 250
245 251
245 252
245 269
245 271
245 272
245 280
245 281
245 283
245 285
245 288
245 308
245 309
245 313
245 314
245 316
245 319
246 250
246 251
246 254
246 267
246 268
246 269
246 270
246 284
246 287
246 288
246 315
246 316
246 320
247 256
247 257
247 261
247 264
247 273
247 276
247 277
247 289
247 290
247 294
247 295
247 305
247 306
247 307
248 256
248 257
248 261
248 264
248 265
248 266
248 273
248 274
248 275
248 278
248 279
248 290
248 296
248 303
248 304
248 305
248 306
248 307
248 321
248 322
249 255
249 257
249 273
249 274
249 276
249 277
249 279
249 289
249 294
249 295
249 321
249 322
250 253
250 254
250 266
250 267
250 268
250 270
250 283
250 284
250 308
250 309
250 313
250 314
250 320
251 253
251 266
251 270
251 271
251 280
251 281
251 283
251 285
251 287
251 288
251 309
251 313
251 315
252 254
252 267
252 268
252 284
252 285
252 308
252 313
252 314
252 319
252 320
253 267
253 268
253 269
253 270
253 284
253 287
253 315
253 316
253 319
253 320
254 269
254 271
254 272
254 280
254 281
254 282
254 283
254 285
254 288
254 308
254 309
254 314
254 316
255 261
255 265
255 266
255 274
255 275
255 278
255 286
255 289
255 294
255 296
255 303
255 304
255 305
255 306
255 307
255 322
256 264
256 266
256 277
256 289
256 290
256 291
256 292
256 293
256 294
256 295
256 296
256 303
256 304
256 322
257 264
257 276
257 277
257 278
257 279
257 286
257 305
257 306
257 307
257 321
258 261
258 262
258 263
258 317
258 318
258 325
258 326
259 261
259 262
259 263
259 317
259 318
259 325
259 326
260 261
260 262
260 263
260 317
260 318
260 325
260 326
261 264
261 265
261 273
261 275
261 277
261 278
261 291
261 292
261 295
261 300
261 301
262 264
262 265
262 266
262 274
262 277
262 317
262 318
262 323
262 324
262 325
262 326
263 264
263 265
263 274
263 277
263 278
263 291
263 292
264 273
264 274
264 275
264 276
264 286
264 289
264 290
264 291
264 292
264 293
264 294
264 296
264 303
264 304
264 305
264 306
264 307
265 274
265 277
265 278
265 291
265 292
265 295
265 300
265 301
266 269
266 274
266 276
266 279
266 283
266 284
266 285
266 287
266 288
266 293
266 295
266 305
266 307
266 315
266 321
267 271
267 272
267 280
267 281
267 283
267 287
267 288
267 308
267 309
267 313
267 315
268 271
268 272
268 280
268 281
268 283
268 285
268 287
268 288
268 308
268 309
268 313
268 314
268 315
268 316
269 270
269 283
269 284
269 288
269 308
269 309
269 313
269 314
269 316
270 281
270 282
270 283
270 285
270 313
270 314
270 316
271 284
271 310
271 311
271 312
272 281
272 282
272 284
272 310
272 311
272 312
272 314
274 276
274 277
274 289
274 290
274 295
275 276
275 277
275 290
275 295
276 286
276 289
276 291
276 292
276 293
276 294
276 295
277 286
277 289
277 290
277 291
277 292
277 293
277 294
277 295
277 305
277 306
277 307
278 279
278 286
278 290
278 295
278 296
278 305
278 306
278 307
278 321
279 289
279 291
279 292
279 293
279 294
279 296
279 321
279 322
280 284
280 310
280 311
280 312
281 283
281 285
282 284
282 310
282 311
282 312
283 315
284 288
284 308
284 309
284 313
284 315
284 316
285 287
285 288
285 316
286 295
286 305
286 306
286 307
287 288
287 308
287 309
287 314
287 315
287 316
287 320
288 308
288 309
288 313
288 314
288 315
288 316
288 320
289 296
289 303
289 304
289 321
289 322
290 294
290 296
290 303
290 304
290 305
290 306
290 307
290 322
291 305
291 306
291 307
291 321
292 321
293 321
294 303
294 304
294 321
295 305
295 306
295 307
295 322
296 303
296 304
296 321
296 322
297 301
298 301
298 302
303 322
304 322
308 313
308 314
308 315
308 316
308 319
309 313
309 314
309 315
309 316
309 319
309 320
310 311
310 312
310 314
310 319
310 320
311 312
311 314
311 319
311 320
312 314
312 319
312 320
313 314
313 315
313 319
314 315
314 316
314 319
314 320
315 316
315 320
316 320
317 318
317 323
317 324
317 325
317 326
318 323
318 324
318 325
318 326
319 320
321 322
323 324
323 325
323 326
324 325
324 326
325 326
original_pcis
0
0
0
359
357
358
272
270
271
267
214
164
104
102
76
225
470
469
260
213
61
179
274
473
471
472
479
477
478
237
431
430
443
441
442
20
18
19
409
410
408
383
381
382
357
491
490
348
349
20
186
205
437
390
391
365
363
364
458
456
457
56
54
55
26
24
356
189
32
30
31
494
492
493
229
180
8
218
216
190
254
252
253
489
208
326
35
34
33
188
186
187
188
291
379
464
411
16
57
364
41
264
172
200
416
414
415
476
90
85
86
394
395
393
350
366
99
100
167
177
455
453
454
89
87
88
200
198
199
354
383
382
344
409
180
145
161
99
449
402
42
295
344
93
424
374
69
409
68
320
318
319
311
267
448
273
433
371
438
391
89
288
370
92
143
15
160
461
168
181
182
390
427
368
110
274
375
445
446
378
37
38
147
466
293
265
266
468
474
475
476
38
36
37
375
106
428
391
317
390
9
10
11
453
481
392
290
288
289
452
450
451
71
70
69
414
346
185
197
195
196
50
456
209
403
120
121
122
194
193
192
82
80
369
91
65
90
244
243
245
234
330
331
332
27
28
29
497
283
495
206
204
205
302
300
39
191
19
372
421
269
162
352
353
334
333
467
279
367
170
230
228
229
297
428
427
155
153
154
48
419
417
418
305
303
304
120
101
372
233
147
14
0
412
336
238
458
336
157
350
192
194
193
246
247
249
250
251
30
31
0
0
0
222
178
45
287
230
256
181
443
447
377
240
161
46
143
cp_solver_time 0.52835791
feasible_solution
12
13
12
10
36
9
41
37
40
31
37
40
35
22
13
29
9
31
8
11
7
11
37
7
47
16
11
20
46
20
27
41
10
41
50
32
18
12
15
19
10
42
34
29
12
26
24
37
23
7
7
17
27
18
33
14
12
19
29
30
26
22
40
19
27
22
24
38
7
25
17
14
25
26
14
13
17
21
43
7
46
48
13
36
44
18
9
34
40
28
8
27
15
39
37
39
26
31
21
35
31
29
28
30
29
8
28
44
10
19
39
26
22
48
26
7
13
47
31
42
46
50
16
44
23
28
24
15
10
17
11
10
29
46
48
14
40
45
20
43
14
48
31
25
35
9
44
21
49
9
42
36
30
10
39
12
8
30
17
46
47
15
47
13
17
25
35
11
9
24
15
24
41
36
38
45
32
13
28
41
42
23
44
10
23
34
13
11
18
28
21
21
9
12
41
20
33
14
45
16
17
8
9
8
20
12
23
28
38
33
9
39
50
14
37
43
33
38
18
49
28
7
7
17
10
11
8
7
10
13
15
19
36
33
48
39
10
11
21
12
17
45
22
27
8
17
34
37
22
11
15
30
39
18
35
32
48
27
21
16
34
33
50
49
42
37
8
29
38
32
40
45
32
8
19
36
45
16
15
32
13
25
16
13
50
34
8
16
43
23
11
11
19
18
8
34
18
10
11
8
9
14
7
12
7
12
18
38
9
12
22
27
17
16
36
7
46
17
49
19
49
16
9
14
12
7
47
num_inter_technology_neighbors 0
inter_technology_neighbors
